1.0
1.0
0.944363460461
0.944363460461
0.943715663716
0.943715663716
0.937213994688
0.937213994688
0.867778238144
0.867778238144
0.867778238144
0.867778238144
0.867778238144
0.867778238144
0.867778238144
0.867778238144
0.867778238144
0.703245421574
0.703245421574
0.703245421574
0.656629364912
0.656629364912
0.656629364912
0.656629364912
0.656629364912
0.656629364912
0.650833678608
0.650833678608
0.650833678608
0.650833678608
0.650833678608
0.650833678608
0.650833678608
0.650833678608
0.650833678608
0.650833678608
0.650833678608
0.650833678608
0.650833678608
0.650833678608
0.650833678608
0.650833678608
0.650833678608
0.650833678608
0.650833678608
0.650833678608
0.650833678608
0.650833678608
0.650833678608
0.650833678608
0.650833678608
0.650833678608
0.650833678608
0.650833678608
0.650833678608
0.650833678608
0.650833678608
0.650833678608
0.650833678608
0.650833678608
0.650833678608
0.650833678608
0.650833678608
0.650833678608
0.650833678608
0.650833678608
0.650833678608
0.650833678608
0.650833678608
0.650833678608
0.650833678608
0.650833678608
0.650833678608
0.650833678608
0.650833678608
0.650833678608
0.650833678608
0.650833678608
0.650833678608
0.650833678608
0.650833678608
0.650833678608
0.650833678608
0.650833678608
0.650833678608
0.650833678608
0.650833678608
0.650833678608
0.650833678608
0.650833678608
0.650833678608
0.650833678608
0.650833678608
0.650833678608
0.650833678608
0.650833678608
0.650833678608
0.650833678608
0.650833678608
0.650833678608
0.650833678608
0.650833678608
0.650833678608
0.650833678608
0.650833678608
0.650833678608
0.650833678608
0.650833678608
0.650833678608
0.650833678608
0.624809329792
0.624809329792
0.624809329792
0.624809329792
0.624809329792
0.624809329792
0.621363020485
0.621363020485
0.612121053755
0.612121053755
0.612121053755
0.612121053755
0.577095078179
0.577095078179
0.577095078179
0.57276063216
0.57276063216
0.57276063216
0.57276063216
0.531516447441
0.531516447441
0.531516447441
0.531516447441
0.531516447441
0.531516447441
0.520666942886
0.520666942886
0.520666942886
0.520666942886
0.520666942886
0.520666942886
0.520666942886
0.520666942886
0.520666942886
0.520666942886
0.4779331304
0.4779331304
0.4779331304
0.4779331304
0.472181730231
0.472181730231
0.472181730231
0.472181730231
0.468606997344
0.468606997344
0.468606997344
0.468606997344
0.468606997344
0.468606997344
0.468606997344
0.468606997344
0.434752848061
0.434752848061
0.434752848061
0.434752848061
0.433889119072
0.433889119072
0.433889119072
0.433889119072
0.433889119072
0.433889119072
0.433889119072
0.433889119072
0.433889119072
0.433889119072
0.433889119072
0.433889119072
0.433889119072
0.433889119072
0.433889119072
0.433889119072
0.433889119072
0.433889119072
0.433889119072
0.433889119072
0.433889119072
0.433889119072
0.433889119072
0.433889119072
0.433889119072
0.433889119072
0.433889119072
0.433889119072
0.433889119072
0.433889119072
0.433889119072
0.433889119072
0.433889119072
0.433889119072
0.433889119072
0.433889119072
0.433889119072
0.433889119072
0.433889119072
0.433889119072
0.433889119072
0.433889119072
0.433889119072
0.433889119072
0.433889119072
0.433889119072
0.433889119072
0.433889119072
0.433889119072
0.433889119072
0.433889119072
0.433889119072
0.433889119072
0.433889119072
0.433889119072
0.433889119072
0.433889119072
0.433889119072
0.433889119072
0.433889119072
0.433889119072
0.433889119072
0.433889119072
0.433889119072
0.433889119072
0.433889119072
0.433889119072
0.433889119072
0.433889119072
0.433889119072
0.433889119072
0.433889119072
0.433889119072
0.433889119072
0.433889119072
0.433889119072
0.433889119072
0.433889119072
0.433889119072
0.433889119072
0.433889119072
0.433889119072
0.433889119072
0.433889119072
0.409433579993
0.409433579993
0.409433579993
0.409433579993
0.409433579993
0.409433579993
0.409433579993
0.409433579993
0.409433579993
0.409433579993
0.409433579993
0.38690196696
0.38690196696
0.38690196696
0.38184042144
0.38184042144
0.38184042144
0.377145169096
0.377145169096
0.377145169096
0.377145169096
0.377145169096
0.361785455863
0.361785455863
0.352692599862
0.352692599862
0.345750876042
0.345750876042
0.345750876042
0.345750876042
0.345750876042
0.345750876042
0.345750876042
0.342928245515
0.342928245515
0.330606177965
0.330606177965
0.330606177965
0.330606177965
0.330606177965
0.330606177965
0.32566235668
0.32566235668
0.32566235668
0.32566235668
0.32566235668
0.32566235668
0.32566235668
0.325416839304
0.325416839304
0.325416839304
0.325416839304
0.325416839304
0.325416839304
0.325416839304
0.325416839304
0.325416839304
0.325416839304
0.325416839304
0.325416839304
0.325416839304
0.325416839304
0.325416839304
0.325416839304
0.325416839304
0.325416839304
0.325416839304
0.325416839304
0.325416839304
0.325416839304
0.325416839304
0.325416839304
0.325416839304
0.325416839304
0.325416839304
0.325416839304
0.325416839304
0.325416839304
0.325416839304
0.325416839304
0.325416839304
0.325416839304
0.325416839304
0.325416839304
0.325416839304
0.325416839304
0.325416839304
0.325416839304
0.325416839304
0.325416839304
0.325416839304
0.325416839304
0.325416839304
0.325416839304
0.325416839304
0.325416839304
0.325416839304
0.325416839304
0.325416839304
0.325416839304
0.325416839304
0.325416839304
0.325416839304
0.325416839304
0.325416839304
0.325416839304
0.325416839304
0.325416839304
0.325416839304
0.325416839304
0.325416839304
0.325416839304
0.325390330258
0.325390330258
0.318888661228
0.318888661228
0.318888661228
0.318888661228
0.317609534659
0.317609534659
0.317609534659
0.317609534659
0.317609534659
0.317609534659
0.317609534659
0.317609534659
0.317609534659
0.317609534659
0.313484326133
0.313484326133
0.313484326133
0.313484326133
0.313484326133
0.313484326133
0.312620597143
0.312620597143
0.312620597143
0.312620597143
0.312620597143
0.312620597143
0.312404664896
0.312404664896
0.312404664896
0.312404664896
0.312404664896
0.312404664896
0.312404664896
0.312404664896
0.312404664896
0.312404664896
0.312404664896
0.312404664896
0.312404664896
0.312404664896
0.312404664896
0.312404664896
0.312404664896
0.312404664896
0.307180916655
0.307180916655
0.299383654139
0.299383654139
0.297211618073
0.297211618073
0.293529781854
0.293529781854
0.292881985109
0.292881985109
0.292881985109
0.292881985109
0.292881985109
0.292881985109
0.292226287832
0.292226287832
0.292226287832
0.292226287832
0.292226287832
0.292226287832
0.291562690023
0.291562690023
0.289259412715
0.289259412715
0.289259412715
0.289259412715
0.289259412715
0.289259412715
0.289259412715
0.289259412715
0.289259412715
0.289259412715
0.289259412715
0.289259412715
0.289259412715
0.289259412715
0.289259412715
0.289259412715
0.289259412715
0.289259412715
0.28897150305
0.28897150305
0.288323706308
0.288323706308
0.287028112823
0.287028112823
0.28638031608
0.28638031608
0.28638031608
0.28638031608
0.28638031608
0.28638031608
0.28638031608
0.28638031608
0.28638031608
0.28638031608
0.28638031608
0.28638031608
0.28638031608
0.28638031608
0.28638031608
0.28638031608
0.28638031608
0.28638031608
0.28638031608
0.28638031608
0.28638031608
0.28638031608
0.28638031608
0.28638031608
0.28638031608
0.28638031608
0.275231342013
0.275231342013
0.275231342013
0.275231342013
0.275231342013
0.275231342013
0.275231342013
0.275231342013
0.275231342013
0.273289730726
0.273289730726
0.273289730726
0.273289730726
0.273289730726
0.273289730726
0.273289730726
0.267775427054
0.267775427054
0.267775427054
0.267775427054
0.267775427054
0.267775427054
0.267775427054
0.26477860683
0.26477860683
0.26477860683
0.26477860683
0.26477860683
0.26477860683
0.26477860683
0.260333471443
0.260333471443
0.260333471443
0.260333471443
0.260333471443
0.260333471443
0.260333471443
0.260333471443
0.260333471443
0.260333471443
0.260333471443
0.260333471443
0.260333471443
0.260333471443
0.260333471443
0.260333471443
0.260333471443
0.260333471443
0.260333471443
0.260333471443
0.260333471443
0.260333471443
0.260333471443
0.260333471443
0.260333471443
0.260333471443
0.260333471443
0.260333471443
0.260333471443
0.260333471443
0.260333471443
0.260333471443
0.260333471443
0.260333471443
0.260333471443
0.260333471443
0.260333471443
0.260333471443
0.260333471443
0.260333471443
0.260333471443
0.260333471443
0.260333471443
0.260333471443
0.260333471443
0.260333471443
0.260333471443
0.260333471443
0.260333471443
0.260333471443
0.260333471443
0.260333471443
0.260333471443
0.260333471443
0.260333471443
0.260333471443
0.260333471443
0.260333471443
0.260333471443
0.260333471443
0.260333471443
0.260333471443
0.260333471443
0.260333471443
0.260333471443
0.260333471443
0.260333471443
0.260333471443
0.260333471443
0.260333471443
0.260333471443
0.260333471443
0.260333471443
0.260333471443
0.260333471443
0.260333471443
0.260333471443
0.260333471443
0.260333471443
0.260333471443
0.260333471443
0.260333471443
0.260333471443
0.260333471443
0.260333471443
0.260333471443
0.260333471443
0.260333471443
0.260333471443
0.260333471443
0.260333471443
0.260333471443
0.260333471443
0.260333471443
0.260333471443
0.260333471443
0.260333471443
0.260333471443
0.260333471443
0.260333471443
0.245848647764
0.245848647764
0.245848647764
0.245848647764
0.245848647764
0.245848647764
0.245848647764
0.245848647764
0.245848647764
0.245848647764
0.239030981432
0.239030981432
0.239030981432
0.235928915929
0.235928915929
0.235928915929
0.235928915929
0.235928915929
0.235928915929
0.235928915929
0.235928915929
0.235250604541
0.235250604541
0.235250604541
0.235250604541
0.235250604541
0.234303498672
0.234303498672
0.234303498672
0.234303498672
0.234303498672
0.234303498672
0.234303498672
0.234303498672
0.234303498672
0.234303498672
0.234303498672
0.234303498672
0.234303498672
0.234303498672
0.234303498672
0.234303498672
0.229104252864
0.229104252864
0.229104252864
0.229104252864
0.229104252864
0.227323236858
0.227323236858
0.227323236858
0.223653814508
0.223653814508
0.223653814508
0.223653814508
0.223653814508
0.223653814508
0.223653814508
0.223653814508
0.223653814508
0.223653814508
0.223653814508
0.218093143443
0.218093143443
0.218093143443
0.218093143443
0.218093143443
0.218093143443
0.218093143443
0.218093143443
0.218093143443
0.218093143443
0.218093143443
0.218093143443
0.216944559536
0.216944559536
0.216944559536
0.216944559536
0.216944559536
0.216944559536
0.216944559536
0.216944559536
0.216944559536
0.216944559536
0.216944559536
0.216944559536
0.216944559536
0.216944559536
0.216944559536
0.216944559536
0.216944559536
0.216944559536
0.216944559536
0.216944559536
0.216944559536
0.216944559536
0.216944559536
0.216944559536
0.216944559536
0.216944559536
0.216944559536
0.216944559536
0.216944559536
0.216944559536
0.216944559536
0.216944559536
0.216944559536
0.216944559536
0.216944559536
0.216944559536
0.216944559536
0.216944559536
0.216944559536
0.216944559536
0.216944559536
0.216944559536
0.216944559536
0.216944559536
0.216944559536
0.216944559536
0.216944559536
0.216944559536
0.214751763295
0.214751763295
0.214751763295
0.211159407277
0.211159407277
0.211159407277
0.211159407277
0.211159407277
0.211159407277
0.211159407277
0.211159407277
0.211159407277
0.208269776597
0.208269776597
0.208269776597
0.208269776597
0.208269776597
0.208269776597
0.208269776597
0.208269776597
0.208269776597
0.208269776597
0.208269776597
0.208269776597
0.208269776597
0.208269776597
0.208269776597
0.208269776597
0.208269776597
0.208269776597
0.204355413274
0.204355413274
0.204355413274
0.203355054795
0.203355054795
0.203355054795
0.19958910276
0.19958910276
0.19958910276
0.19958910276
0.19958910276
0.19958910276
0.19958910276
0.19958910276
0.19958910276
0.199020608774
0.199020608774
0.199020608774
0.198452114789
0.198452114789
0.198452114789
0.197277349725
0.197277349725
0.197277349725
0.195686521236
0.195686521236
0.195686521236
0.195686521236
0.195686521236
0.195686521236
0.195254656739
0.195254656739
0.195254656739
0.195254656739
0.195254656739
0.195254656739
0.195254656739
0.195254656739
0.195254656739
0.195254656739
0.195254656739
0.195254656739
0.195254656739
0.195254656739
0.195254656739
0.195254656739
0.195254656739
0.195254656739
0.194686162755
0.194686162755
0.194686162755
0.193303365977
0.193303365977
0.193303365977
0.193303365977
0.193303365977
0.193303365977
0.19178393971
0.19178393971
0.19178393971
0.19178393971
0.19178393971
0.19178393971
0.19092021072
0.19092021072
0.19092021072
0.19092021072
0.19092021072
0.19092021072
0.19092021072
0.19092021072
0.19092021072
0.19092021072
0.19092021072
0.19092021072
0.19092021072
0.19092021072
0.19092021072
0.19092021072
0.19092021072
0.19092021072
0.19092021072
0.19092021072
0.19092021072
0.19092021072
0.19092021072
0.19092021072
0.19092021072
0.19092021072
0.19092021072
0.19092021072
0.19092021072
0.19092021072
0.19092021072
0.19092021072
0.19092021072
0.19092021072
0.19092021072
0.19092021072
0.19092021072
0.19092021072
0.19092021072
0.19092021072
0.19092021072
0.19092021072
0.19092021072
0.19092021072
0.19092021072
0.185952479602
0.185952479602
0.185952479602
0.185952479602
0.185952479602
0.185952479602
0.185952479602
0.185952479602
0.185952479602
0.185952479602
0.185952479602
0.185952479602
0.185952479602
0.185952479602
0.185952479602
0.185952479602
0.185952479602
0.185952479602
0.185952479602
0.185952479602
0.185952479602
0.185952479602
0.185952479602
0.185952479602
0.185952479602
0.185952479602
0.185952479602
0.185952479602
0.185952479602
0.185952479602
0.185952479602
0.185952479602
0.185952479602
0.185952479602
0.185952479602
0.185952479602
0.185952479602
0.185952479602
0.185952479602
0.185952479602
0.185952479602
0.185952479602
0.185952479602
0.185952479602
0.185952479602
0.185952479602
0.185952479602
0.185952479602
0.185952479602
0.185952479602
0.185952479602
0.185952479602
0.185952479602
0.185952479602
0.185952479602
0.185952479602
0.182078568256
0.182078568256
0.182078568256
0.182078568256
0.182078568256
0.182078568256
0.182078568256
0.182078568256
0.182078568256
0.182078568256
0.182078568256
0.182078568256
0.182078568256
0.182078568256
0.172242724438
0.172242724438
0.172242724438
0.172242724438
0.172089994735
0.172089994735
0.172089994735
0.172089994735
0.172089994735
0.172089994735
0.172089994735
0.172089994735
0.172089994735
0.172089994735
0.172089994735
0.172089994735
0.172089994735
0.172089994735
0.172089994735
0.172089994735
0.172089994735
0.172089994735
0.172089994735
0.167361134348
0.167361134348
0.167361134348
0.167361134348
0.167361134348
0.167361134348
0.167361134348
0.166880430412
0.166880430412
0.166880430412
0.166880430412
0.166880430412
0.166880430412
0.166880430412
0.166880430412
0.166880430412
0.166880430412
0.166880430412
0.166880430412
0.166880430412
0.166880430412
0.166880430412
0.166880430412
0.166880430412
0.166880430412
0.166880430412
0.166880430412
0.166880430412
0.166880430412
0.166880430412
0.166880430412
0.166880430412
0.166880430412
0.166880430412
0.166880430412
0.166880430412
0.166880430412
0.166880430412
0.166880430412
0.166880430412
0.166880430412
0.166880430412
0.166880430412
0.166880430412
0.166880430412
0.166880430412
0.16568859941
0.16568859941
0.16568859941
0.16568859941
0.16568859941
0.16568859941
0.16568859941
0.16487968651
0.16487968651
0.16487968651
0.16487968651
0.16487968651
0.16487968651
0.16487968651
0.16487968651
0.16487968651
0.16487968651
0.16487968651
0.16487968651
0.16487968651
0.16487968651
0.16487968651
0.162708419652
0.162708419652
0.162708419652
0.162708419652
0.162708419652
0.162708419652
0.162708419652
0.162708419652
0.162708419652
0.162708419652
0.162708419652
0.162708419652
0.162708419652
0.162708419652
0.162708419652
0.162708419652
0.162708419652
0.162708419652
0.162708419652
0.162708419652
0.162708419652
0.162708419652
0.162708419652
0.162708419652
0.162708419652
0.162708419652
0.162708419652
0.162708419652
0.162708419652
0.162708419652
0.162708419652
0.162708419652
0.162708419652
0.162708419652
0.162708419652
0.162708419652
0.162708419652
0.162708419652
0.162708419652
0.162708419652
0.157489089584
0.157489089584
0.157489089584
0.157489089584
0.156202332448
0.156202332448
0.156202332448
0.156202332448
0.156202332448
0.156202332448
0.156202332448
0.156202332448
0.156202332448
0.156202332448
0.156202332448
0.156202332448
0.155954236882
0.155954236882
0.155954236882
0.155954236882
0.155954236882
0.155954236882
0.155954236882
0.155954236882
0.155954236882
0.155954236882
0.155954236882
0.155954236882
0.155954236882
0.155954236882
0.155954236882
0.155954236882
0.153266559955
0.153266559955
0.153266559955
0.153266559955
0.153266559955
0.153266559955
0.153266559955
0.153266559955
0.150339623812
0.150339623812
0.150339623812
0.150339623812
0.146764890927
0.146764890927
0.146764890927
0.146764890927
0.146440992554
0.146440992554
0.146440992554
0.146440992554
0.146440992554
0.146440992554
0.146440992554
0.146440992554
0.146440992554
0.146440992554
0.146440992554
0.146440992554
0.146237952725
0.146237952725
0.146237952725
0.146237952725
0.146237952725
0.146237952725
0.146237952725
0.146237952725
0.146237952725
0.146237952725
0.146237952725
0.146237952725
0.146237952725
0.146237952725
0.146237952725
0.146237952725
0.146237952725
0.145781345011
0.145781345011
0.145781345011
0.145781345011
0.144629706357
0.144629706357
0.144629706357
0.144629706357
0.144629706357
0.144629706357
0.144629706357
0.144629706357
0.144629706357
0.144629706357
0.144629706357
0.144629706357
0.144629706357
0.144629706357
0.144629706357
0.144629706357
0.144629706357
0.144629706357
0.144629706357
0.144629706357
0.144629706357
0.144629706357
0.144629706357
0.144629706357
0.144629706357
0.144629706357
0.144629706357
0.144629706357
0.144629706357
0.144629706357
0.144629706357
0.144629706357
0.144629706357
0.144629706357
0.144629706357
0.144629706357
0.144629706357
0.144629706357
0.144629706357
0.144629706357
0.144629706357
0.144629706357
0.144629706357
0.144629706357
0.144629706357
0.144629706357
0.144629706357
0.144629706357
0.144629706357
0.144629706357
0.144629706357
0.144629706357
0.144629706357
0.144629706357
0.144286429451
0.144286429451
0.144286429451
0.144286429451
0.144286429451
0.144286429451
0.144286429451
0.144286429451
0.144286429451
0.144286429451
0.144286429451
0.144286429451
0.144286429451
0.144161853154
0.144161853154
0.144161853154
0.144161853154
0.143514056411
0.143514056411
0.143514056411
0.143514056411
0.143514056411
0.143514056411
0.143514056411
0.143514056411
0.14319015804
0.14319015804
0.14319015804
0.14319015804
0.14319015804
0.14319015804
0.14319015804
0.14319015804
0.14319015804
0.14319015804
0.14319015804
0.14319015804
0.14319015804
0.14319015804
0.14319015804
0.14319015804
0.14319015804
0.14319015804
0.14319015804
0.14319015804
0.14319015804
0.14319015804
0.14319015804
0.14319015804
0.14319015804
0.14319015804
0.14319015804
0.14319015804
0.14319015804
0.14319015804
0.14319015804
0.14319015804
0.14319015804
0.14319015804
0.14319015804
0.14319015804
0.14319015804
0.14319015804
0.14319015804
0.14319015804
0.137017616549
0.137017616549
0.137017616549
0.137017616549
0.137017616549
0.137017616549
0.137017616549
0.137017616549
0.137017616549
0.137017616549
0.137017616549
0.137017616549
0.137017616549
0.137017616549
0.137017616549
0.137017616549
0.137017616549
0.137017616549
0.137017616549
0.137017616549
0.137017616549
0.137017616549
0.137017616549
0.137017616549
0.137017616549
0.137017616549
0.137017616549
0.137017616549
0.137017616549
0.137017616549
0.137017616549
0.137017616549
0.137017616549
0.137017616549
0.137017616549
0.137017616549
0.137017616549
0.137017616549
0.130166735722
0.130166735722
0.130166735722
0.130166735722
0.130166735722
0.130166735722
0.130166735722
0.130166735722
0.130166735722
0.130166735722
0.130166735722
0.130166735722
0.130166735722
0.130166735722
0.130166735722
0.130166735722
0.130166735722
0.130166735722
0.130166735722
0.130166735722
0.130166735722
0.130166735722
0.130166735722
0.130166735722
0.130166735722
0.130166735722
0.130166735722
0.130166735722
0.130166735722
0.130166735722
0.130166735722
0.130166735722
0.130166735722
0.130166735722
0.130166735722
0.130166735722
0.130166735722
0.130166735722
0.130166735722
0.130166735722
0.129444729978
0.129444729978
0.129444729978
0.129444729978
0.129444729978
0.129444729978
0.129444729978
0.129444729978
0.129444729978
0.12814386947
0.12814386947
0.12814386947
0.12814386947
0.12814386947
0.12814386947
0.12814386947
0.12814386947
0.12814386947
0.12495479688
0.12495479688
0.12495479688
0.12495479688
0.12495479688
0.124613700488
0.124613700488
0.124613700488
0.124613700488
0.124613700488
0.121330840094
0.121330840094
0.121330840094
0.121330840094
0.121330840094
0.12027169905
0.12027169905
0.12027169905
0.12027169905
0.12027169905
0.118333396111
0.118333396111
0.118333396111
0.118333396111
0.118333396111
0.118333396111
0.118333396111
0.118333396111
0.118333396111
0.118333396111
0.118333396111
0.118333396111
0.118333396111
0.118333396111
0.118333396111
0.118333396111
0.118333396111
0.118333396111
0.118333396111
0.118333396111
0.118333396111
0.118333396111
0.118333396111
0.118333396111
0.118333396111
0.118333396111
0.118333396111
0.118333396111
0.118333396111
0.118333396111
0.118333396111
0.118333396111
0.118333396111
0.118333396111
0.118333396111
0.118333396111
0.118333396111
0.118333396111
0.118333396111
0.118333396111
0.118333396111
0.118333396111
0.118333396111
0.118333396111
0.11792855117
0.11792855117
0.11792855117
0.11792855117
0.11792855117
0.11792855117
0.11792855117
0.11792855117
0.11792855117
0.11792855117
0.11792855117
0.11792855117
0.11792855117
0.11792855117
0.11792855117
0.11792855117
0.11792855117
0.11792855117
0.11792855117
0.11792855117
0.11792855117
0.11792855117
0.11792855117
0.11792855117
0.11792855117
0.11792855117
0.11792855117
0.11792855117
0.11792855117
0.11792855117
0.11792855117
0.11792855117
0.11792855117
0.11792855117
0.11792855117
0.11792855117
0.11792855117
0.11792855117
0.11792855117
0.11792855117
0.11792855117
0.11792855117
0.11792855117
0.11792855117
0.11792855117
0.11792855117
0.11792855117
0.11792855117
0.11792855117
0.11792855117
0.11792855117
0.11792855117
0.11792855117
0.11792855117
0.11792855117
0.11792855117
0.11792855117
0.11792855117
0.11792855117
0.11792855117
0.11792855117
0.11792855117
0.11792855117
0.11792855117
0.11792855117
0.11792855117
0.11792855117
0.11792855117
0.11792855117
0.11792855117
0.11792855117
0.11792855117
0.11792855117
0.11792855117
0.11792855117
0.11792855117
0.11792855117
0.11792855117
0.11792855117
0.11792855117
0.11792855117
0.11792855117
0.11792855117
0.11792855117
0.11792855117
0.11792855117
0.11792855117
0.117411912741
0.117411912741
0.117411912741
0.117411912741
0.117411912741
0.117152794043
0.117152794043
0.117152794043
0.117152794043
0.117152794043
0.115459041872
0.115459041872
0.115459041872
0.115459041872
0.115459041872
0.115459041872
0.115459041872
0.115459041872
0.115459041872
0.115459041872
0.115329482523
0.115329482523
0.115329482523
0.115329482523
0.115329482523
0.114552126432
0.114552126432
0.114552126432
0.114552126432
0.114552126432
0.114552126432
0.114552126432
0.114552126432
0.114552126432
0.114552126432
0.114552126432
0.114552126432
0.114552126432
0.114552126432
0.114552126432
0.114552126432
0.114552126432
0.114552126432
0.114552126432
0.114552126432
0.114552126432
0.114552126432
0.114552126432
0.114552126432
0.114552126432
0.113188465845
0.113188465845
0.113188465845
0.113188465845
0.113188465845
0.113188465845
0.113188465845
0.113188465845
0.113188465845
0.113188465845
0.113188465845
0.113188465845
0.113188465845
0.113188465845
0.113188465845
0.113188465845
0.113188465845
0.113188465845
0.113188465845
0.113188465845
0.113188465845
0.113188465845
0.113188465845
0.112607276975
0.112607276975
0.112607276975
0.112607276975
0.112607276975
0.112607276975
0.112607276975
0.112607276975
0.112607276975
0.112607276975
0.112607276975
0.112607276975
0.112607276975
0.112607276975
0.112607276975
0.112607276975
0.112607276975
0.111703674308
0.111703674308
0.111703674308
0.111703674308
0.111703674308
0.111703674308
0.111703674308
0.111703674308
0.111703674308
0.111703674308
0.111703674308
0.111703674308
0.111703674308
0.111703674308
0.111703674308
0.111703674308
0.111703674308
0.111703674308
0.111703674308
0.111703674308
0.111703674308
0.111703674308
0.111703674308
0.111703674308
0.111703674308
0.111703674308
0.111703674308
0.111703674308
0.111703674308
0.111294737046
0.111294737046
0.111294737046
0.111294737046
0.111294737046
0.111294737046
0.111294737046
0.111294737046
0.111294737046
0.111294737046
0.111294737046
0.111294737046
0.111294737046
0.111294737046
0.111294737046
0.111294737046
0.111294737046
0.111294737046
0.111294737046
0.111294737046
0.111294737046
0.111294737046
0.111142885789
0.111142885789
0.111142885789
0.111142885789
0.111142885789
0.111142885789
0.111142885789
0.111142885789
0.111142885789
0.111142885789
0.111142885789
0.111142885789
0.111142885789
0.111142885789
0.111142885789
0.111142885789
0.111142885789
0.111142885789
0.111142885789
0.111142885789
0.111142885789
0.111142885789
0.111142885789
0.111142885789
0.111142885789
0.111142885789
0.111142885789
0.111142885789
0.111142885789
0.111142885789
0.111142885789
0.111142885789
0.111142885789
0.111142885789
0.111142885789
0.111142885789
0.111142885789
0.111142885789
0.111142885789
0.111142885789
0.111142885789
0.111142885789
0.111142885789
0.111142885789
0.111142885789
0.111142885789
0.111142885789
0.111142885789
0.111142885789
0.111142885789
0.111142885789
0.111142885789
0.110260469963
0.110260469963
0.110260469963
0.110260469963
0.110260469963
0.110260469963
0.110260469963
0.110260469963
0.110260469963
0.110260469963
0.110260469963
0.110260469963
0.110260469963
0.110260469963
0.110260469963
0.110260469963
0.110260469963
0.109830744416
0.109830744416
0.109830744416
0.109830744416
0.109830744416
0.109830744416
0.109830744416
0.109830744416
0.109830744416
0.109830744416
0.109830744416
0.109830744416
0.109830744416
0.109830744416
0.109830744416
0.109830744416
0.108472279768
0.108472279768
0.108472279768
0.108472279768
0.108472279768
0.108472279768
0.108472279768
0.108472279768
0.108472279768
0.108472279768
0.108472279768
0.108472279768
0.104584572129
0.104584572129
0.104584572129
0.104584572129
0.104584572129
0.104584572129
0.104584572129
0.104584572129
0.104584572129
0.104584572129
0.104584572129
0.104584572129
0.104584572129
0.104584572129
0.104584572129
0.104584572129
0.104584572129
0.104584572129
0.104584572129
0.104584572129
0.104584572129
0.104584572129
0.104584572129
0.104584572129
0.104584572129
0.104584572129
0.104584572129
0.104584572129
0.104584572129
0.101324965659
0.101324965659
0.101324965659
0.101324965659
0.101324965659
0.101324965659
0.0997945513798
0.0997945513798
0.0997945513798
0.0997945513798
0.0997945513798
0.0997945513798
0.0997138595477
0.0997138595477
0.0997138595477
0.0997138595477
0.0997138595477
0.0997138595477
0.0997138595477
0.0997138595477
0.0997138595477
0.0997138595477
0.0997138595477
0.0997138595477
0.0997138595477
0.0995103043871
0.0995103043871
0.0995103043871
0.0995103043871
0.0995103043871
0.0995103043871
0.0993169178403
0.0993169178403
0.0993169178403
0.0993169178403
0.0993169178403
0.0993169178403
0.0993169178403
0.0993169178403
0.0993169178403
0.0993169178403
0.0993169178403
0.0993169178403
0.0993169178403
0.0993169178403
0.0993169178403
0.0993169178403
0.0993169178403
0.0993169178403
0.0993169178403
0.0990314519248
0.0990314519248
0.0990314519248
0.0990314519248
0.0990314519248
0.0990314519248
0.0990314519248
0.098654104704
0.098654104704
0.098654104704
0.098654104704
0.098654104704
0.098654104704
0.098654104704
0.098654104704
0.098654104704
0.098654104704
0.098654104704
0.098654104704
0.098654104704
0.098654104704
0.098654104704
0.098654104704
0.098654104704
0.098654104704
0.098654104704
0.0986275414658
0.0986275414658
0.0986275414658
0.0986275414658
0.0986275414658
0.0986275414658
0.0986275414658
0.0986275414658
0.0986275414658
0.0986275414658
0.0986275414658
0.0986275414658
0.0986275414658
0.0986275414658
0.0986275414658
0.0986275414658
0.0986275414658
0.0986275414658
0.0986275414658
0.0986275414658
0.0986275414658
0.0986275414658
0.0986275414658
0.0986275414658
0.0986275414658
0.0986275414658
0.0986275414658
0.0986275414658
0.0986275414658
0.0986275414658
0.0986275414658
0.0986275414658
0.0986275414658
0.0986275414658
0.0986275414658
0.0986275414658
0.0986275414658
0.0986275414658
0.0986275414658
0.0986275414658
0.0986275414658
0.0986275414658
0.09546010536
0.09546010536
0.09546010536
0.09546010536
0.09546010536
0.09546010536
0.09546010536
0.09546010536
0.09546010536
0.09546010536
0.09546010536
0.09546010536
0.09546010536
0.09546010536
0.09546010536
0.09546010536
0.09546010536
0.09546010536
0.09546010536
0.09546010536
0.09546010536
0.09546010536
0.09546010536
0.09546010536
0.09546010536
0.09546010536
0.09546010536
0.09546010536
0.09546010536
0.09546010536
0.09546010536
0.09546010536
0.09546010536
0.09546010536
0.09546010536
0.09546010536
0.09546010536
0.09546010536
0.09546010536
0.09546010536
0.09546010536
0.09546010536
0.0929762398011
0.0929762398011
0.0929762398011
0.0929762398011
0.0929762398011
0.0929762398011
0.0929762398011
0.0929762398011
0.0929762398011
0.0929762398011
0.0929762398011
0.0929762398011
0.0929762398011
0.0929762398011
0.0929762398011
0.0929762398011
0.0929762398011
0.0929762398011
0.0929762398011
0.0929762398011
0.0929762398011
0.0929762398011
0.0929762398011
0.0929762398011
0.0929762398011
0.0929762398011
0.0929762398011
0.0929762398011
0.0929762398011
0.0929762398011
0.0929762398011
0.0929762398011
0.0929762398011
0.0929762398011
0.0929762398011
0.0929762398011
0.0929762398011
0.0929762398011
0.0929762398011
0.0929762398011
0.0929762398011
0.0929762398011
0.0911541222325
0.0911541222325
0.0911541222325
0.0911541222325
0.0911541222325
0.0911541222325
0.0911541222325
0.0911541222325
0.0911541222325
0.0911541222325
0.0911541222325
0.0911541222325
0.0911541222325
0.0911541222325
0.0911541222325
0.0911541222325
0.0911541222325
0.0911541222325
0.0911541222325
0.0911541222325
0.0911541222325
0.0911541222325
0.0911541222325
0.0911541222325
0.0911541222325
0.0911541222325
0.0911541222325
0.0911541222325
0.0911541222325
0.0911541222325
0.0911541222325
0.0911541222325
0.0911541222325
0.0911541222325
0.0911541222325
0.0867778238144
0.0867778238144
0.0867778238144
0.0867778238144
0.0867778238144
0.0867778238144
0.0867778238144
0.0867778238144
0.0867778238144
0.0867778238144
0.0867778238144
0.0867778238144
0.0867778238144
0.0867778238144
0.0867778238144
0.0855770448659
0.0855770448659
0.0855770448659
0.0855770448659
0.0855770448659
0.0855770448659
0.0855770448659
0.0855770448659
0.0855770448659
0.0855770448659
0.0855770448659
0.0855770448659
0.0855770448659
0.0855770448659
0.0855770448659
0.0855770448659
0.0855770448659
0.0855770448659
0.0855770448659
0.0855770448659
0.0855770448659
0.0855770448659
0.0855770448659
0.0855770448659
0.0855770448659
0.0855770448659
0.0855770448659
0.0855770448659
0.0855770448659
0.0855770448659
0.0855770448659
0.0855770448659
0.0855770448659
0.0855770448659
0.0855770448659
0.0855770448659
0.0855770448659
0.0855770448659
0.0855770448659
0.0855770448659
0.0855770448659
0.0855770448659
0.0855770448659
0.0855770448659
0.0855770448659
0.0855770448659
0.0855770448659
0.0855770448659
0.0855770448659
0.0855770448659
0.0855770448659
0.0855770448659
0.0855770448659
0.0855770448659
0.0855770448659
0.0855770448659
0.0855770448659
0.0855770448659
0.0855770448659
0.0855770448659
0.0855770448659
0.0855770448659
0.0855770448659
0.0855770448659
0.0855770448659
0.0855770448659
0.0855770448659
0.0855770448659
0.0855770448659
0.0855770448659
0.0855770448659
0.0855770448659
0.0855770448659
0.0855770448659
0.0855770448659
0.0855770448659
0.0855770448659
0.0855770448659
0.0855770448659
0.0855770448659
0.0855770448659
0.0855770448659
0.0855770448659
0.0855770448659
0.0855770448659
0.0855770448659
0.0855770448659
0.0855770448659
0.0855770448659
0.0855770448659
0.0855770448659
0.0855770448659
0.0855770448659
0.0855770448659
0.0855770448659
0.0855770448659
0.0855770448659
0.0855770448659
0.0855770448659
0.0855770448659
0.0855770448659
0.0855770448659
0.0855770448659
0.0855770448659
0.0855770448659
0.0855770448659
0.0855770448659
0.0855770448659
0.0855770448659
0.0855770448659
0.0855770448659
0.0855770448659
0.0855770448659
0.0855770448659
0.0855770448659
0.0855770448659
0.0855770448659
0.0855770448659
0.0855770448659
0.0855770448659
0.0855770448659
0.0855770448659
0.0855770448659
0.0855770448659
0.0855770448659
0.0855770448659
0.0855770448659
0.0855770448659
0.0855770448659
0.0855770448659
0.0855770448659
0.0855770448659
0.0855770448659
0.0855770448659
0.0855770448659
0.0855770448659
0.0855770448659
0.0855770448659
0.0855770448659
0.0855770448659
0.0855770448659
0.0855770448659
0.0855770448659
0.0855770448659
0.0855770448659
0.0855770448659
0.0855770448659
0.0855770448659
0.0855770448659
0.0855770448659
0.0855770448659
0.0855770448659
0.0855770448659
0.0855770448659
0.0855770448659
0.0855770448659
0.0855770448659
0.0855770448659
0.0855770448659
0.0855770448659
0.0855770448659
0.0855770448659
0.0855770448659
0.0855770448659
0.0855770448659
0.0855770448659
0.0855770448659
0.0855770448659
0.0855770448659
0.0855770448659
0.0855770448659
0.0855770448659
0.0855770448659
0.0855770448659
0.0855770448659
0.0855770448659
0.0855770448659
0.0855770448659
0.0855770448659
0.0855770448659
0.0855770448659
0.0855770448659
0.0855770448659
0.0855770448659
0.0855770448659
0.0855770448659
0.0855770448659
0.0855770448659
0.0855770448659
0.0855770448659
0.0855770448659
0.0855770448659
0.0855770448659
0.0855770448659
0.0855770448659
0.0855770448659
0.0855770448659
0.0855770448659
0.0855770448659
0.0855770448659
0.0855770448659
0.0855770448659
0.0855770448659
0.0855770448659
0.0855770448659
0.0855770448659
0.0855770448659
0.0855770448659
0.0855770448659
0.0855770448659
0.0855770448659
0.0855770448659
0.0855770448659
0.0855770448659
0.0855770448659
0.0855770448659
0.0855770448659
0.0855770448659
0.0855770448659
0.0855770448659
0.0855770448659
0.0855770448659
0.0855770448659
0.0855770448659
0.0836805671739
0.0836805671739
0.0836805671739
0.0836805671739
0.0836805671739
0.0836805671739
0.0836805671739
0.0836805671739
0.0836805671739
0.0836805671739
0.0836805671739
0.0836805671739
0.0836805671739
0.0836805671739
0.0823782018022
0.0823782018022
0.0823782018022
0.0823782018022
0.0823782018022
0.0823782018022
0.0823782018022
0.0821931170186
0.0821931170186
0.0821931170186
0.0821931170186
0.0821931170186
0.0821931170186
0.0821931170186
0.0818229474515
0.0818229474515
0.0818229474515
0.0818229474515
0.0818229474515
0.0818229474515
0.0818229474515
0.0818229474515
0.0818229474515
0.0818229474515
0.0818229474515
0.0818229474515
0.0818229474515
0.0818229474515
0.0818229474515
0.0818229474515
0.0818229474515
0.0818229474515
0.0818229474515
0.0818229474515
0.0818229474515
0.0818229474515
0.0818229474515
0.0818229474515
0.0818229474515
0.0818229474515
0.0818229474515
0.0818229474515
0.081354209826
0.081354209826
0.081354209826
0.081354209826
0.081354209826
0.081354209826
0.081354209826
0.081354209826
0.081354209826
0.081354209826
0.081354209826
0.081354209826
0.081354209826
0.081354209826
0.081354209826
0.081354209826
0.078101166224
0.078101166224
0.078101166224
0.078101166224
0.078101166224
0.078101166224
0.078101166224
0.078101166224
0.078101166224
0.078101166224
0.078101166224
0.078101166224
0.078101166224
0.078101166224
0.078101166224
0.078101166224
0.078101166224
0.078101166224
0.078101166224
0.078101166224
0.078101166224
0.078101166224
0.078101166224
0.078101166224
0.0774973400019
0.0774973400019
0.0774973400019
0.0774973400019
0.0774973400019
0.0774973400019
0.0774973400019
0.0774973400019
0.0774973400019
0.0774973400019
0.0774973400019
0.0774973400019
0.0774973400019
0.0774973400019
0.0774973400019
0.0774973400019
0.0774973400019
0.0774973400019
0.0774973400019
0.0774973400019
0.0774973400019
0.0774973400019
0.0774973400019
0.0774973400019
0.0774973400019
0.0774973400019
0.0774973400019
0.0774973400019
0.0774973400019
0.0774973400019
0.0774973400019
0.0774973400019
0.0774973400019
0.0774973400019
0.0774973400019
0.0774973400019
0.0774973400019
0.0774973400019
0.0774973400019
0.0774973400019
0.0774973400019
0.0765686680715
0.0765686680715
0.0765686680715
0.0765686680715
0.0765686680715
0.0765686680715
0.0765686680715
0.0765686680715
0.0765686680715
0.0765686680715
0.0765686680715
0.0765686680715
0.0765686680715
0.0765686680715
0.0765686680715
0.0765686680715
0.0765686680715
0.0754972530973
0.0754972530973
0.0754972530973
0.0754972530973
0.0754972530973
0.0754972530973
0.0754972530973
0.0754972530973
0.0754972530973
0.0754972530973
0.0754972530973
0.0754972530973
0.0754972530973
0.0754972530973
0.0754972530973
0.0754972530973
0.0754972530973
0.0754972530973
0.0754972530973
0.0754972530973
0.0754972530973
0.0754972530973
0.0754972530973
0.0754972530973
0.0754972530973
0.0748459135349
0.0748459135349
0.0748459135349
0.0748459135349
0.0748459135349
0.0748459135349
0.0748459135349
0.0748459135349
0.0734128271121
0.0734128271121
0.0734128271121
0.0734128271121
0.0734128271121
0.0734128271121
0.0734128271121
0.0734128271121
0.0734128271121
0.0734128271121
0.0734128271121
0.0734128271121
0.0734128271121
0.0734128271121
0.0734128271121
0.0734128271121
0.0734128271121
0.0734128271121
0.0734128271121
0.0734128271121
0.0734128271121
0.0734128271121
0.0734128271121
0.0734128271121
0.0734128271121
0.0734128271121
0.0734128271121
0.0734128271121
0.0734128271121
0.0734128271121
0.0734128271121
0.0734128271121
0.0734128271121
0.0734128271121
0.0734128271121
0.0734128271121
0.0734128271121
0.0734128271121
0.0734128271121
0.0734128271121
0.0734128271121
0.0734128271121
0.0734128271121
0.0734128271121
0.0734128271121
0.0734128271121
0.0734128271121
0.0734128271121
0.0734128271121
0.0734128271121
0.0734128271121
0.0734128271121
0.0734128271121
0.0734128271121
0.0734128271121
0.0734128271121
0.0734128271121
0.0734128271121
0.0734128271121
0.0734128271121
0.0734128271121
0.0734128271121
0.0734128271121
0.0734128271121
0.0734128271121
0.0734128271121
0.0734128271121
0.0734128271121
0.0734128271121
0.0734128271121
0.0734128271121
0.0734128271121
0.0734128271121
0.0734128271121
0.0734128271121
0.0734128271121
0.0734128271121
0.0734128271121
0.0734128271121
0.0734128271121
0.0734128271121
0.0734128271121
0.0734128271121
0.0734128271121
0.0734128271121
0.0734128271121
0.0734128271121
0.0734128271121
0.0734128271121
0.0734128271121
0.0734128271121
0.0734128271121
0.0734128271121
0.0734128271121
0.0734128271121
0.0734128271121
0.0734128271121
0.0734128271121
0.0734128271121
0.0734128271121
0.0734128271121
0.0734128271121
0.0734128271121
0.0734128271121
0.0734128271121
0.0734128271121
0.0734128271121
0.0734128271121
0.0734128271121
0.0734128271121
0.0734128271121
0.0734128271121
0.0734128271121
0.0734128271121
0.0734128271121
0.0734128271121
0.0734128271121
0.0734128271121
0.0734128271121
0.0734128271121
0.0733824454634
0.0733824454634
0.0733824454634
0.0733824454634
0.0733824454634
0.0733824454634
0.0733824454634
0.0733824454634
0.07159507902
0.07159507902
0.07159507902
0.07159507902
0.07159507902
0.07159507902
0.07159507902
0.07159507902
0.07159507902
0.07159507902
0.07159507902
0.07159507902
0.07159507902
0.07159507902
0.07159507902
0.07159507902
0.0685088082745
0.0685088082745
0.0685088082745
0.0685088082745
0.0685088082745
0.0685088082745
0.0685088082745
0.0685088082745
0.0685088082745
0.0685088082745
0.0685088082745
0.0685088082745
0.0685088082745
0.0685088082745
0.0685088082745
0.0685088082745
0.0685088082745
0.0685088082745
0.0685088082745
0.0668966372518
0.0668966372518
0.0668966372518
0.0668966372518
0.0668966372518
0.0668966372518
0.0668966372518
0.0668966372518
0.0668966372518
0.0668966372518
0.0661956445849
0.0661956445849
0.0661956445849
0.0661956445849
0.0661956445849
0.0661956445849
0.0661956445849
0.0661956445849
0.0661956445849
0.0661956445849
0.0661956445849
0.0661956445849
0.0661956445849
0.0661956445849
0.0661956445849
0.0661956445849
0.0661956445849
0.0661956445849
0.0661956445849
0.0661956445849
0.0661956445849
0.0661956445849
0.0661956445849
0.0661956445849
0.0661956445849
0.0661956445849
0.0661956445849
0.0661956445849
0.0661956445849
0.0661956445849
0.0661956445849
0.0661956445849
0.0661956445849
0.0661956445849
0.0661956445849
0.0661956445849
0.0661956445849
0.0661956445849
0.0661956445849
0.0661956445849
0.0661956445849
0.0661956445849
0.0661956445849
0.0661956445849
0.0661956445849
0.0661956445849
0.0661956445849
0.0661956445849
0.0650848855797
0.0650848855797
0.0650848855797
0.0650848855797
0.0650848855797
0.0650848855797
0.0650848855797
0.0650848855797
0.0650848855797
0.0650833678608
0.0650833678608
0.0650833678608
0.0650833678608
0.0650833678608
0.0650833678608
0.0650833678608
0.0650833678608
0.0650833678608
0.0650833678608
0.0650833678608
0.0650833678608
0.0650833678608
0.0650833678608
0.0650833678608
0.0650833678608
0.0650833678608
0.0650833678608
0.0650833678608
0.0650833678608
0.0650833678608
0.0650833678608
0.0650833678608
0.0650833678608
0.0650833678608
0.0650833678608
0.0650833678608
0.0650833678608
0.0650833678608
0.0650833678608
0.0650833678608
0.0650833678608
0.0650833678608
0.0650833678608
0.0650833678608
0.0650833678608
0.0650833678608
0.0650833678608
0.0650833678608
0.0650833678608
0.06364007024
0.06364007024
0.06364007024
0.06364007024
0.06364007024
0.06364007024
0.06364007024
0.06364007024
0.06364007024
0.06364007024
0.06364007024
0.06364007024
0.06364007024
0.06364007024
0.06364007024
0.06364007024
0.06364007024
0.06364007024
0.0629743930491
0.0629743930491
0.0629743930491
0.0629743930491
0.0629743930491
0.0629743930491
0.0629743930491
0.0629743930491
0.0629743930491
0.0629743930491
0.0629743930491
0.0629743930491
0.0629743930491
0.0629743930491
0.0629743930491
0.0629743930491
0.0629743930491
0.0629743930491
0.0629743930491
0.0629743930491
0.0629743930491
0.0629743930491
0.0629743930491
0.0629743930491
0.0629743930491
0.0629743930491
0.0629743930491
0.0629743930491
0.0629743930491
0.0629743930491
0.0629743930491
0.0629743930491
0.0629743930491
0.0629743930491
0.0629743930491
0.0629743930491
0.0629743930491
0.0619841598674
0.0619841598674
0.0619841598674
0.0619841598674
0.0619841598674
0.0619841598674
0.0619841598674
0.0619841598674
0.0619841598674
0.0619841598674
0.0619841598674
0.0619841598674
0.0619841598674
0.0619841598674
0.0619841598674
0.0619841598674
0.0619841598674
0.0619841598674
0.0619841598674
0.0619841598674
0.0619841598674
0.0607949793956
0.0607949793956
0.0607949793956
0.0607949793956
0.0607949793956
0.0607949793956
0.0607949793956
0.0607949793956
0.0607949793956
0.0607949793956
0.0591666980553
0.0591666980553
0.0591666980553
0.0591666980553
0.0591666980553
0.0591666980553
0.0591666980553
0.0591666980553
0.0591666980553
0.0591666980553
0.0591666980553
0.0591666980553
0.0591666980553
0.0591666980553
0.0591666980553
0.0591666980553
0.0591666980553
0.0591666980553
0.0591666980553
0.0591666980553
0.0591666980553
0.0591666980553
0.0574056225645
0.0574056225645
0.0574056225645
0.0574056225645
0.0574056225645
0.0574056225645
0.0574056225645
0.0574056225645
0.0574056225645
0.0574056225645
0.057276063216
0.057276063216
0.057276063216
0.057276063216
0.057276063216
0.057276063216
0.057276063216
0.057276063216
0.057276063216
0.057276063216
0.057276063216
0.057276063216
0.057276063216
0.057276063216
0.057276063216
0.057276063216
0.057276063216
0.057276063216
0.057276063216
0.057276063216
0.057276063216
0.057276063216
0.057276063216
0.057276063216
0.057276063216
0.057276063216
0.057276063216
0.057276063216
0.057276063216
0.057276063216
0.0571578628621
0.0571578628621
0.0571578628621
0.0571578628621
0.0571578628621
0.0571578628621
0.0571578628621
0.0571578628621
0.0571578628621
0.0571578628621
0.0571578628621
0.0571578628621
0.0571578628621
0.0551848683128
0.0551848683128
0.0551848683128
0.0551848683128
0.0551848683128
0.0551848683128
0.0551848683128
0.0551848683128
0.0551848683128
0.0551848683128
0.0551848683128
0.0551848683128
0.0551848683128
0.0551848683128
0.0551848683128
0.0551848683128
0.0551848683128
0.0551848683128
0.0551848683128
0.0551848683128
0.0551848683128
0.0551848683128
0.0551848683128
0.0551848683128
0.0551848683128
0.0551848683128
0.0551848683128
0.0551848683128
0.0551848683128
0.0551848683128
0.0551848683128
0.0551848683128
0.0551848683128
0.0551848683128
0.0551848683128
0.0551848683128
0.0551848683128
0.0551848683128
0.0551848683128
0.0551848683128
0.0551848683128
0.0551848683128
0.0551848683128
0.0538212641757
0.0538212641757
0.0538212641757
0.0538212641757
0.0538212641757
0.0538212641757
0.0538212641757
0.0538212641757
0.0538212641757
0.0538212641757
0.0538212641757
0.0538212641757
0.0538212641757
0.0538212641757
0.0538212641757
0.0538212641757
0.0538212641757
0.0538212641757
0.0538212641757
0.0538212641757
0.0538212641757
0.0538212641757
0.0538212641757
0.0538212641757
0.0538212641757
0.0538212641757
0.0538212641757
0.0538212641757
0.0538212641757
0.0538212641757
0.0538212641757
0.0538212641757
0.0538212641757
0.0538212641757
0.0538212641757
0.0538212641757
0.0538212641757
0.0538212641757
0.0538212641757
0.0538212641757
0.0538212641757
0.0538212641757
0.0538212641757
0.0538212641757
0.0538212641757
0.0538212641757
0.0538212641757
0.0538212641757
0.0538212641757
0.0538212641757
0.0538212641757
0.0538212641757
0.0538212641757
0.0538212641757
0.0538212641757
0.0538212641757
0.0538212641757
0.0538212641757
0.0538212641757
0.0538212641757
0.0538212641757
0.0538212641757
0.0538212641757
0.0538212641757
0.0538212641757
0.0538212641757
0.0531997526421
0.0531997526421
0.0531997526421
0.0531997526421
0.0531997526421
0.0531997526421
0.0531997526421
0.0531997526421
0.0531997526421
0.0531997526421
0.0531997526421
0.0531997526421
0.0531997526421
0.0531997526421
0.0531997526421
0.0531997526421
0.0531997526421
0.0531997526421
0.0531997526421
0.0531997526421
0.0531997526421
0.0531997526421
0.0531997526421
0.0531997526421
0.0531997526421
0.0531997526421
0.0531997526421
0.0531997526421
0.0531997526421
0.0531997526421
0.0531997526421
0.0531997526421
0.0531997526421
0.0531997526421
0.0531997526421
0.0531997526421
0.0531997526421
0.0531997526421
0.0531997526421
0.0531997526421
0.0531997526421
0.0531997526421
0.0531997526421
0.0531997526421
0.0531997526421
0.0531997526421
0.0509808871947
0.0509808871947
0.0509808871947
0.0509808871947
0.0509808871947
0.0509808871947
0.0509808871947
0.0509808871947
0.0509808871947
0.0509808871947
0.0509808871947
0.0509808871947
0.0496162033182
0.0496162033182
0.0496162033182
0.0496162033182
0.0496162033182
0.0496162033182
0.0496162033182
0.0496162033182
0.0496162033182
0.0496162033182
0.0496162033182
0.0496162033182
0.0496162033182
0.0496162033182
0.0496162033182
0.0496162033182
0.0496162033182
0.0496162033182
0.0496162033182
0.0496162033182
0.0496162033182
0.0496162033182
0.0496162033182
0.0496162033182
0.0496162033182
0.0496162033182
0.0496162033182
0.0496162033182
0.0496162033182
0.0496162033182
0.0496162033182
0.0496162033182
0.0496162033182
0.0496162033182
0.0496162033182
0.0496162033182
0.0496162033182
0.0496162033182
0.0496162033182
0.0496162033182
0.0496162033182
0.0496162033182
0.0496162033182
0.0496162033182
0.0496162033182
0.0496162033182
0.0496162033182
0.0496162033182
0.0496162033182
0.0496162033182
0.0496162033182
0.0496162033182
0.0496162033182
0.0496162033182
0.0496162033182
0.0496162033182
0.0496162033182
0.0496162033182
0.0496162033182
0.0496162033182
0.0496162033182
0.0496162033182
0.0496162033182
0.0496162033182
0.0496162033182
0.0496162033182
0.0496162033182
0.0496162033182
0.0496162033182
0.0496162033182
0.0496162033182
0.0496162033182
0.0496162033182
0.0496162033182
0.0496162033182
0.0496162033182
0.0496162033182
0.0496162033182
0.0496162033182
0.0496162033182
0.0496162033182
0.0496162033182
0.0496162033182
0.0496162033182
0.0496162033182
0.0496162033182
0.0496162033182
0.0496162033182
0.0496162033182
0.0496162033182
0.0496162033182
0.0496162033182
0.0496162033182
0.0496162033182
0.0496162033182
0.0496162033182
0.0496162033182
0.0496162033182
0.0496162033182
0.0496162033182
0.0496162033182
0.0496162033182
0.0496162033182
0.0496162033182
0.0496162033182
0.0496162033182
0.0496162033182
0.0496162033182
0.0496162033182
0.0496162033182
0.0496162033182
0.0496162033182
0.0496162033182
0.0496162033182
0.0496162033182
0.0496162033182
0.0496162033182
0.0496162033182
0.0496162033182
0.0496162033182
0.0496162033182
0.0496162033182
0.0496162033182
0.0496162033182
0.0496162033182
0.0496162033182
0.0496162033182
0.0496162033182
0.0496162033182
0.0496162033182
0.0496162033182
0.0496162033182
0.0496162033182
0.0496162033182
0.0496162033182
0.0496162033182
0.0496162033182
0.0496162033182
0.0496162033182
0.0496162033182
0.0496162033182
0.0496162033182
0.0496162033182
0.0496162033182
0.0496162033182
0.0496162033182
0.0496162033182
0.0496162033182
0.0496162033182
0.0496162033182
0.0496162033182
0.0496162033182
0.0496162033182
0.0495530403571
0.0495530403571
0.0495530403571
0.0495530403571
0.0495530403571
0.0495530403571
0.0495530403571
0.0495530403571
0.0495530403571
0.0495530403571
0.0495530403571
0.0495530403571
0.0495530403571
0.0495530403571
0.0495530403571
0.0495530403571
0.0495530403571
0.0495530403571
0.0495530403571
0.0495530403571
0.0495530403571
0.0495530403571
0.0495530403571
0.0495530403571
0.0495530403571
0.0495530403571
0.0495530403571
0.0495530403571
0.0495530403571
0.0495530403571
0.0495530403571
0.0495530403571
0.0495530403571
0.0495530403571
0.0495530403571
0.0495530403571
0.0495530403571
0.0495530403571
0.0495530403571
0.0495530403571
0.0495530403571
0.0495530403571
0.0495530403571
0.0495530403571
0.0495530403571
0.0495530403571
0.0495530403571
0.0495530403571
0.0495530403571
0.0495530403571
0.0495530403571
0.0495530403571
0.0495530403571
0.0495530403571
0.0495530403571
0.0495530403571
0.0495530403571
0.0495530403571
0.0495530403571
0.0495530403571
0.0495530403571
0.0495530403571
0.0495530403571
0.0495530403571
0.0495530403571
0.0495530403571
0.0495530403571
0.0495530403571
0.0495530403571
0.0495530403571
0.0495530403571
0.0495530403571
0.0495530403571
0.0495530403571
0.0495530403571
0.0495530403571
0.0495530403571
0.0495530403571
0.0495530403571
0.0495530403571
0.0495530403571
0.0495530403571
0.0495530403571
0.0495530403571
0.0495530403571
0.0495530403571
0.0495530403571
0.0495530403571
0.0495530403571
0.0495530403571
0.0495530403571
0.0495530403571
0.0495530403571
0.0495530403571
0.0495530403571
0.0495530403571
0.0495530403571
0.0495530403571
0.0495530403571
0.0495530403571
0.0495530403571
0.0495530403571
0.0482099021191
0.0482099021191
0.0482099021191
0.0482099021191
0.0482099021191
0.0482099021191
0.0482099021191
0.0482099021191
0.0482099021191
0.0482099021191
0.0482099021191
0.0482099021191
0.0482099021191
0.0482099021191
0.0482099021191
0.0482099021191
0.0482099021191
0.0482099021191
0.0482099021191
0.0482099021191
0.0482099021191
0.0482099021191
0.0482099021191
0.0482099021191
0.0482099021191
0.0482099021191
0.0482099021191
0.0482099021191
0.0482099021191
0.0482099021191
0.0482099021191
0.0482099021191
0.0482099021191
0.0482099021191
0.0482099021191
0.0482099021191
0.0482099021191
0.0482099021191
0.0482099021191
0.0482099021191
0.0482099021191
0.0482099021191
0.0482099021191
0.0482099021191
0.0482099021191
0.0482099021191
0.0482099021191
0.0482099021191
0.0482099021191
0.0482099021191
0.0482099021191
0.0482099021191
0.0482099021191
0.0482099021191
0.0479082225051
0.0479082225051
0.0479082225051
0.0479082225051
0.0479082225051
0.0479082225051
0.0479082225051
0.0479082225051
0.0479082225051
0.0479082225051
0.0479082225051
0.0479082225051
0.0479082225051
0.0479082225051
0.0479082225051
0.0479082225051
0.0479082225051
0.0479082225051
0.0479082225051
0.0479082225051
0.0479082225051
0.0479082225051
0.0479082225051
0.0479082225051
0.0479082225051
0.0479082225051
0.04773005268
0.04773005268
0.04773005268
0.04773005268
0.04773005268
0.04773005268
0.04773005268
0.04773005268
0.04773005268
0.04773005268
0.04773005268
0.04773005268
0.04773005268
0.04773005268
0.04773005268
0.04773005268
0.04773005268
0.04773005268
0.04773005268
0.04773005268
0.04773005268
0.04773005268
0.04773005268
0.04773005268
0.04773005268
0.04773005268
0.04773005268
0.04773005268
0.04773005268
0.04773005268
0.04773005268
0.04773005268
0.04773005268
0.04773005268
0.04773005268
0.04773005268
0.0463409840951
0.0463409840951
0.0463409840951
0.0463409840951
0.0463409840951
0.0463409840951
0.0463409840951
0.0463409840951
0.0463409840951
0.0463409840951
0.0463409840951
0.0463409840951
0.0463409840951
0.0463409840951
0.0463409840951
0.0463409840951
0.0463409840951
0.0463409840951
0.0463409840951
0.0463409840951
0.0463409840951
0.0463409840951
0.0463409840951
0.0463409840951
0.0463409840951
0.0450587669398
0.0450587669398
0.0450587669398
0.0450587669398
0.0450587669398
0.0450587669398
0.0450587669398
0.0450587669398
0.0450587669398
0.0450587669398
0.0450587669398
0.0450587669398
0.0450587669398
0.0440585101662
0.0440585101662
0.0440585101662
0.0440585101662
0.0440585101662
0.0440585101662
0.0440585101662
0.0440585101662
0.0440585101662
0.0440585101662
0.0440585101662
0.0440585101662
0.0440585101662
0.0440585101662
0.0440585101662
0.0440585101662
0.0440585101662
0.0440585101662
0.0440585101662
0.0440585101662
0.0440585101662
0.0440585101662
0.0440585101662
0.0440585101662
0.0440585101662
0.0440585101662
0.04338992372
0.04338992372
0.04338992372
0.04338992372
0.04338992372
0.04338992372
0.04338992372
0.04338992372
0.04338992372
0.04338992372
0.04338992372
0.04338992372
0.04338992372
0.04338992372
0.04338992372
0.04338992372
0.04338992372
0.04338992372
0.04338992372
0.04338992372
0.04338992372
0.04338992372
0.04338992372
0.04338992372
0.04338992372
0.04338992372
0.04338992372
0.0414777732464
0.0414777732464
0.0414777732464
0.0414777732464
0.0414777732464
0.0414777732464
0.0414777732464
0.0414777732464
0.0414777732464
0.0414777732464
0.0414777732464
0.0414777732464
0.0414777732464
0.0414777732464
0.0414777732464
0.0414777732464
0.0414777732464
0.0414777732464
0.0414777732464
0.0414777732464
0.0414777732464
0.0414777732464
0.0414777732464
0.0414777732464
0.0414777732464
0.0414777732464
0.0414777732464
0.0414777732464
0.0414777732464
0.0414777732464
0.0414777732464
0.0414777732464
0.0414777732464
0.0414777732464
0.0414777732464
0.0414777732464
0.0414777732464
0.0414777732464
0.0414777732464
0.0414777732464
0.0414777732464
0.0414777732464
0.0414777732464
0.0414777732464
0.0414777732464
0.0414777732464
0.0414777732464
0.0414777732464
0.0414777732464
0.0414777732464
0.0414777732464
0.0414777732464
0.0414777732464
0.0414777732464
0.0414777732464
0.0414777732464
0.0414777732464
0.0414777732464
0.0414777732464
0.0409114737257
0.0409114737257
0.0409114737257
0.0409114737257
0.0409114737257
0.0409114737257
0.0409114737257
0.0409114737257
0.0409114737257
0.0409114737257
0.0409114737257
0.0409114737257
0.0409114737257
0.0409114737257
0.038184042144
0.038184042144
0.038184042144
0.038184042144
0.038184042144
0.038184042144
0.038184042144
0.038184042144
0.038184042144
0.038184042144
0.038184042144
0.038184042144
0.038184042144
0.038184042144
0.038184042144
0.0358785141028
0.0358785141028
0.0358785141028
0.0358785141028
0.0358785141028
0.0358785141028
0.0358785141028
0.0358785141028
0.0358785141028
0.0358785141028
0.0358785141028
0.0358785141028
0.0358785141028
0.0358785141028
0.0358785141028
0.0358785141028
0.03579753951
0.03579753951
0.03579753951
0.03579753951
0.03579753951
0.03579753951
0.03579753951
0.03579753951
0.03579753951
0.03579753951
0.03579753951
0.03579753951
0.03579753951
0.03579753951
0.03579753951
0.03579753951
0.035069552879
0.035069552879
0.035069552879
0.035069552879
0.035069552879
0.035069552879
0.035069552879
0.035069552879
0.035069552879
0.035069552879
0.035069552879
0.035069552879
0.035069552879
0.035069552879
0.035069552879
0.035069552879
0.035069552879
0.035069552879
0.0331747368386
0.0331747368386
0.0331747368386
0.0331747368386
0.0331747368386
0.0331747368386
0.0331747368386
0.0331747368386
0.0331747368386
0.0331747368386
0.0331747368386
0.0331747368386
0.0331747368386
0.0331747368386
0.0331747368386
0.0331747368386
0.0331747368386
0.0331747368386
0.0331747368386
0.0331747368386
0.0331747368386
0.0331747368386
0.0331747368386
0.0331747368386
0.0331747368386
0.0331747368386
0.0331747368386
0.0331747368386
0.0331747368386
0.0331747368386
0.0331747368386
0.0331747368386
0.0331747368386
0.0331747368386
0.0331747368386
0.03182003512
0.03182003512
0.03182003512
0.03182003512
0.03182003512
0.03182003512
0.03182003512
0.03182003512
0.03182003512
0.03182003512
0.03182003512
0.03182003512
0.03182003512
0.03182003512
0.03182003512
0.03182003512
0.03182003512
0.03182003512
0.0301452964295
0.0301452964295
0.0301452964295
0.0301452964295
0.0301452964295
0.0301452964295
0.0301452964295
0.0301452964295
0.0301452964295
0.0301452964295
0.0301452964295
0.0301452964295
0.0301452964295
0.0301452964295
0.0301452964295
0.0301452964295
0.0301452964295
0.0301452964295
0.0301452964295
0.0301452964295
0.0301452964295
0.0301452964295
0.0301452964295
0.0301452964295
0.0301452964295
0.0301452964295
0.0301452964295
0.0301452964295
0.0301452964295
0.0301452964295
0.0301452964295
0.0301452964295
0.0301452964295
0.0301452964295
0.0301452964295
0.0301452964295
0.0301452964295
0.0301452964295
0.0295833490276
0.0295833490276
0.0295833490276
0.0295833490276
0.0295833490276
0.0295833490276
0.0295833490276
0.0295833490276
0.0295833490276
0.0295833490276
0.0295833490276
0.0295833490276
0.0295833490276
0.0295833490276
0.0295833490276
0.0295833490276
0.0295833490276
0.0295833490276
0.0295833490276
0.0295833490276
0.0295833490276
0.0295833490276
0.0295833490276
0.0295833490276
0.0295833490276
0.0295833490276
0.0295833490276
0.0295833490276
0.0295833490276
0.0295833490276
0.0295833490276
0.0295833490276
0.0295833490276
0.0295833490276
0.0295833490276
0.0295833490276
0.0295833490276
0.0295833490276
0.0295833490276
0.0295833490276
0.0295833490276
0.0295833490276
0.0295833490276
0.0295833490276
0.0288373536827
0.0288373536827
0.0288373536827
0.0288373536827
0.0288373536827
0.0288373536827
0.0288373536827
0.0288373536827
0.0288373536827
0.0288373536827
0.0288373536827
0.0288373536827
0.0288373536827
0.0288373536827
0.0288373536827
0.0288373536827
0.0288373536827
0.0288373536827
0.0288373536827
0.0288373536827
0.0288373536827
0.0288373536827
0.0288373536827
0.0288373536827
0.0288373536827
0.0288373536827
0.0288373536827
0.0288373536827
0.0288373536827
0.0288373536827
0.0288373536827
0.0288373536827
0.0288373536827
0.0288373536827
0.0288373536827
0.0288373536827
0.0288373536827
0.0288373536827
0.0288373536827
0.0288373536827
0.0288373536827
0.0288373536827
0.0288373536827
0.0288373536827
0.0288373536827
0.0288373536827
0.0288373536827
0.0288373536827
0.0288373536827
0.0288373536827
0.0288373536827
0.0288373536827
0.0288373536827
0.0288373536827
0.0288373536827
0.0288373536827
0.0288373536827
0.0288373536827
0.0288373536827
0.0288373536827
0.0288373536827
0.0288373536827
0.0288373536827
0.0288373536827
0.0288373536827
0.027336010745
0.027336010745
0.027336010745
0.027336010745
0.027336010745
0.027336010745
0.027336010745
0.027336010745
0.027336010745
0.027336010745
0.027336010745
0.027336010745
0.027336010745
0.027336010745
0.027336010745
0.027336010745
0.027336010745
0.027336010745
0.027336010745
0.027336010745
0.027336010745
0.0272748383179
0.0272748383179
0.0272748383179
0.0272748383179
0.0272748383179
0.0272748383179
0.0272748383179
0.0272748383179
0.0272748383179
0.0272748383179
0.0272748383179
0.0272748383179
0.0272748383179
0.0272748383179
0.0272748383179
0.0272748383179
0.0272748383179
0.0272748383179
0.0272748383179
0.0272748383179
0.0272748383179
0.0272748383179
0.0272748383179
0.0272748383179
0.0272748383179
0.0272748383179
0.0272748383179
0.0272748383179
0.0272748383179
0.0272748383179
0.0272748383179
0.0272748383179
0.0272748383179
0.0272748383179
0.0272748383179
0.0272748383179
0.0272748383179
0.0272748383179
0.0272748383179
0.0272748383179
0.0272748383179
0.0272748383179
0.0272748383179
0.0272748383179
0.0272748383179
0.0272748383179
0.0272748383179
0.0272748383179
0.0272748383179
0.0272748383179
0.0272748383179
0.0272748383179
0.0272748383179
0.0272748383179
0.0272748383179
0.0272748383179
0.0272748383179
0.0272748383179
0.0272748383179
0.0272748383179
0.0272748383179
0.0272748383179
0.0272748383179
0.0272748383179
0.0272748383179
0.0272748383179
0.0272748383179
0.0272748383179
0.0272748383179
0.0272748383179
0.0272748383179
0.0272748383179
0.0272748383179
0.0272748383179
0.0272748383179
0.0272748383179
0.0272748383179
0.0272748383179
0.0272748383179
0.0272748383179
0.0272748383179
0.0272748383179
0.0272748383179
0.0272748383179
0.0272748383179
0.0272748383179
0.0272748383179
0.0272748383179
0.0272748383179
0.0272748383179
0.0272748383179
0.0272748383179
0.0272748383179
0.0272748383179
0.0272748383179
0.0272748383179
0.0272748383179
0.0272748383179
0.0272748383179
0.0272748383179
0.0272748383179
0.0272748383179
0.0272748383179
0.0272748383179
0.0272748383179
0.0272748383179
0.0272748383179
0.0268385022106
0.0268385022106
0.0268385022106
0.0268385022106
0.0268385022106
0.0268385022106
0.0268385022106
0.0268385022106
0.0268385022106
0.0268385022106
0.0268385022106
0.0268385022106
0.0268385022106
0.0268385022106
0.0268385022106
0.0268385022106
0.0268385022106
0.0268385022106
0.0268385022106
0.0268385022106
0.0268385022106
0.0268385022106
0.0268385022106
0.0268385022106
0.0268385022106
0.0268385022106
0.0268385022106
0.0268385022106
0.0268385022106
0.0268385022106
0.0268385022106
0.0268385022106
0.0268385022106
0.0268385022106
0.0268385022106
0.0268385022106
0.0268385022106
0.0268385022106
0.0268385022106
0.0268385022106
0.0268385022106
0.0268385022106
0.0268385022106
0.0268385022106
0.0268385022106
0.0268385022106
0.0268385022106
0.0268385022106
0.0268385022106
0.0268385022106
0.0268385022106
0.0268385022106
0.0268385022106
0.0268385022106
0.0268385022106
0.0268385022106
0.0268385022106
0.0268385022106
0.0268385022106
0.0268385022106
0.0268385022106
0.0268385022106
0.0268385022106
0.0268385022106
0.0268385022106
0.0268385022106
0.0268385022106
0.0268385022106
0.0268385022106
0.0268385022106
0.0268385022106
0.0268385022106
0.0268385022106
0.0268385022106
0.0268385022106
0.0268385022106
0.0268385022106
0.0268385022106
0.0268385022106
0.0268385022106
0.0268385022106
0.0268385022106
0.0268385022106
0.0268385022106
0.0268385022106
0.0268385022106
0.0268385022106
0.0268385022106
0.0268385022106
0.0268385022106
0.0268385022106
0.0268385022106
0.0268385022106
0.0268385022106
0.0268385022106
0.0268385022106
0.0268385022106
0.0249026361809
0.0249026361809
0.0249026361809
0.0249026361809
0.0249026361809
0.0249026361809
0.0249026361809
0.0249026361809
0.0249026361809
0.0249026361809
0.0249026361809
0.0249026361809
0.0249026361809
0.0249026361809
0.0249026361809
0.0249026361809
0.0249026361809
0.0249026361809
0.0249026361809
0.0249026361809
0.0249026361809
0.0249026361809
0.0249026361809
0.024875127469
0.024875127469
0.024875127469
0.024875127469
0.024875127469
0.024875127469
0.024875127469
0.024875127469
0.024875127469
0.024875127469
0.024875127469
0.024875127469
0.024875127469
0.024875127469
0.024875127469
0.024875127469
0.024875127469
0.024875127469
0.024875127469
0.024875127469
0.024875127469
0.024875127469
0.024875127469
0.024875127469
0.024875127469
0.024875127469
0.024875127469
0.024875127469
0.024875127469
0.024875127469
0.024875127469
0.024875127469
0.024875127469
0.024875127469
0.024875127469
0.024875127469
0.024875127469
0.024875127469
0.024875127469
0.024875127469
0.024875127469
0.024875127469
0.024875127469
0.024875127469
0.024875127469
0.024875127469
0.024875127469
0.024875127469
0.024875127469
0.024875127469
0.024875127469
0.024875127469
0.024875127469
0.024875127469
0.024875127469
0.024875127469
0.024875127469
0.024875127469
0.024875127469
0.024875127469
0.024875127469
0.024875127469
0.024875127469
0.024875127469
0.024875127469
0.024875127469
0.024875127469
0.024875127469
0.024875127469
0.024875127469
0.024875127469
0.024875127469
0.024875127469
0.024875127469
0.024875127469
0.024875127469
0.024875127469
0.024875127469
0.024875127469
0.024875127469
0.024875127469
0.024875127469
0.024875127469
0.024875127469
0.024875127469
0.024875127469
0.024875127469
0.024875127469
0.024875127469
0.024875127469
0.024875127469
0.024875127469
0.024875127469
0.024875127469
0.024875127469
0.024875127469
0.024875127469
0.024875127469
0.024875127469
0.024875127469
0.024875127469
0.024875127469
0.024875127469
0.024875127469
0.024875127469
0.024875127469
0.024875127469
0.024875127469
0.024875127469
0.024875127469
0.024875127469
0.024875127469
0.024875127469
0.024875127469
0.024875127469
0.024875127469
0.024875127469
0.024875127469
0.024875127469
0.024875127469
0.024875127469
0.024875127469
0.024875127469
0.024875127469
0.024875127469
0.024875127469
0.024875127469
0.024875127469
0.024875127469
0.024875127469
0.024875127469
0.024875127469
0.024875127469
0.024875127469
0.024875127469
0.024875127469
0.024875127469
0.024875127469
0.024875127469
0.024875127469
0.024875127469
0.024875127469
0.024875127469
0.024875127469
0.024875127469
0.024875127469
0.024875127469
0.024875127469
0.024875127469
0.024875127469
0.024875127469
0.024875127469
0.024875127469
0.024875127469
0.024875127469
0.024875127469
0.024875127469
0.024875127469
0.024875127469
0.024875127469
0.024875127469
0.024875127469
0.024875127469
0.024875127469
0.024875127469
0.024875127469
0.024875127469
0.024875127469
0.024875127469
0.024875127469
0.024875127469
0.024875127469
0.024875127469
0.024875127469
0.024875127469
0.024875127469
0.024875127469
0.024875127469
0.024875127469
0.024875127469
0.024875127469
0.024875127469
0.024875127469
0.024875127469
0.024875127469
0.024875127469
0.024875127469
0.024875127469
0.024875127469
0.024875127469
0.024875127469
0.024875127469
0.024875127469
0.024875127469
0.024875127469
0.024875127469
0.024875127469
0.024875127469
0.024875127469
0.024875127469
0.024875127469
0.024875127469
0.024875127469
0.024875127469
0.024875127469
0.024875127469
0.024875127469
0.024875127469
0.024875127469
0.024875127469
0.024875127469
0.024875127469
0.024875127469
0.024875127469
0.024875127469
0.024875127469
0.024875127469
0.024875127469
0.024875127469
0.024875127469
0.024875127469
0.024875127469
0.024875127469
0.024875127469
0.024875127469
0.024875127469
0.024875127469
0.024875127469
0.024875127469
0.024875127469
0.024875127469
0.024875127469
0.024875127469
0.024875127469
0.024875127469
0.024875127469
0.024875127469
0.024875127469
0.024875127469
0.024875127469
0.024875127469
0.024875127469
0.024875127469
0.024875127469
0.024875127469
0.024875127469
0.024875127469
0.024875127469
0.024875127469
0.024875127469
0.024875127469
0.024875127469
0.024875127469
0.024875127469
0.024875127469
0.024875127469
0.024875127469
0.024875127469
0.024875127469
0.024875127469
0.024875127469
0.024875127469
0.024875127469
0.024875127469
0.024875127469
0.024875127469
0.024875127469
0.024875127469
0.024875127469
0.024875127469
0.024875127469
0.024875127469
0.024875127469
0.024875127469
0.024875127469
0.024875127469
0.024875127469
0.024875127469
0.024875127469
0.024875127469
0.024875127469
0.024875127469
0.024875127469
0.024875127469
0.024875127469
0.024875127469
0.024875127469
0.024875127469
0.024875127469
0.024875127469
0.024875127469
0.024875127469
0.024875127469
0.024875127469
0.024875127469
0.024875127469
0.024875127469
0.024875127469
0.024875127469
0.024875127469
0.024875127469
0.024875127469
0.024875127469
0.024875127469
0.024875127469
0.024875127469
0.024875127469
0.024875127469
0.024875127469
0.024875127469
0.024875127469
0.024875127469
0.024875127469
0.024875127469
0.024875127469
0.024875127469
0.024875127469
0.024875127469
0.024875127469
0.024875127469
0.024875127469
0.024875127469
0.024875127469
0.024875127469
0.024875127469
0.024875127469
0.024875127469
0.024875127469
0.024875127469
0.024875127469
0.024875127469
0.024875127469
0.024875127469
0.024875127469
0.024875127469
0.024875127469
0.024875127469
0.024875127469
0.024875127469
0.024875127469
0.024875127469
0.024875127469
0.024875127469
0.024875127469
0.024875127469
0.024875127469
0.024875127469
0.024875127469
0.024875127469
0.024875127469
0.024875127469
0.024875127469
0.024875127469
0.024875127469
0.024875127469
0.024875127469
0.024875127469
0.024875127469
0.024875127469
0.024875127469
0.024875127469
0.024875127469
0.024875127469
0.024875127469
0.024875127469
0.024875127469
0.024875127469
0.024875127469
0.024875127469
0.024875127469
0.024875127469
0.024875127469
0.024875127469
0.024875127469
0.024875127469
0.024875127469
0.024875127469
0.024875127469
0.024875127469
0.024875127469
0.024875127469
0.024875127469
0.024875127469
0.024875127469
0.024875127469
0.024875127469
0.024875127469
0.024875127469
0.024875127469
0.024875127469
0.024875127469
0.024875127469
0.024875127469
0.024875127469
0.024875127469
0.024875127469
0.024875127469
0.024875127469
0.024875127469
0.024875127469
0.024875127469
0.024875127469
0.024875127469
0.024875127469
0.024875127469
0.024875127469
0.024875127469
0.024875127469
0.024875127469
0.024875127469
0.024875127469
0.024875127469
0.024875127469
0.024875127469
0.024875127469
0.024875127469
0.024875127469
0.024875127469
0.024875127469
0.024875127469
0.024875127469
0.024875127469
0.024875127469
0.024875127469
0.024875127469
0.024875127469
0.024875127469
0.024875127469
0.024875127469
0.024875127469
0.024875127469
0.024875127469
0.024875127469
0.024875127469
0.024875127469
0.024875127469
0.024875127469
0.024875127469
0.024875127469
0.024875127469
0.024875127469
0.024875127469
0.024875127469
0.024875127469
0.024875127469
0.024875127469
0.024875127469
0.024875127469
0.024875127469
0.024875127469
0.024875127469
0.024875127469
0.024875127469
0.024875127469
0.024875127469
0.024875127469
0.024875127469
0.024875127469
0.024875127469
0.024875127469
0.024875127469
0.024875127469
0.024875127469
0.024875127469
0.024875127469
0.024875127469
0.024875127469
0.024875127469
0.024875127469
0.024875127469
0.024875127469
0.024875127469
0.024875127469
0.024875127469
0.024875127469
0.024875127469
0.024875127469
0.024875127469
0.024875127469
0.024875127469
0.024875127469
0.024875127469
0.024875127469
0.024875127469
0.024875127469
0.024875127469
0.024875127469
0.024875127469
0.024875127469
0.024875127469
0.024875127469
0.024875127469
0.024875127469
0.024875127469
0.024875127469
0.024875127469
0.024875127469
0.024875127469
0.024875127469
0.024875127469
0.024875127469
0.024875127469
0.024875127469
0.024875127469
0.024875127469
0.024875127469
0.024875127469
0.024875127469
0.024875127469
0.024875127469
0.024875127469
0.024875127469
0.024875127469
0.024875127469
0.024875127469
0.024875127469
0.024875127469
0.024875127469
0.024875127469
0.024875127469
0.024875127469
0.024875127469
0.024875127469
0.024875127469
0.024875127469
0.024875127469
0.024875127469
0.024875127469
0.024875127469
0.024875127469
0.024875127469
0.024875127469
0.024875127469
0.024875127469
0.024875127469
0.024875127469
0.024875127469
0.024875127469
0.024875127469
0.024875127469
0.024875127469
0.024875127469
0.024875127469
0.024875127469
0.024875127469
0.024875127469
0.024875127469
0.024875127469
0.024875127469
0.024875127469
0.024875127469
0.024875127469
0.024875127469
0.024875127469
0.024875127469
0.024875127469
0.024875127469
0.024875127469
0.024875127469
0.024875127469
0.024875127469
0.024875127469
0.024875127469
0.024875127469
0.024875127469
0.024875127469
0.024875127469
0.024875127469
0.024875127469
0.024875127469
0.024875127469
0.024875127469
0.024875127469
0.024875127469
0.024875127469
0.024875127469
0.024875127469
0.024875127469
0.024875127469
0.024875127469
0.024875127469
0.024875127469
0.024875127469
0.024875127469
0.024875127469
0.024875127469
0.024875127469
0.024875127469
0.024875127469
0.024875127469
0.024875127469
0.024875127469
0.024875127469
0.024875127469
0.024875127469
0.024875127469
0.024875127469
0.024875127469
0.024875127469
0.024875127469
0.024875127469
0.024875127469
0.024875127469
0.024875127469
0.024875127469
0.024875127469
0.024875127469
0.0244380347759
0.0244380347759
0.0244380347759
0.0244380347759
0.0244380347759
0.0244380347759
0.0244380347759
0.0244380347759
0.0244380347759
0.0244380347759
0.0244380347759
0.0244380347759
0.0244380347759
0.0244380347759
0.0244380347759
0.0244380347759
0.0244380347759
0.0244380347759
0.0244380347759
0.0244380347759
0.0244380347759
0.0244380347759
0.0244380347759
0.0244380347759
0.0244380347759
0.0232440599503
0.0232440599503
0.0232440599503
0.0232440599503
0.0232440599503
0.0232440599503
0.0232440599503
0.0232440599503
0.0232440599503
0.0232440599503
0.0232440599503
0.0232440599503
0.0232440599503
0.0232440599503
0.0232440599503
0.0232440599503
0.0232440599503
0.0232440599503
0.0232440599503
0.0232440599503
0.0232440599503
0.0232440599503
0.0232440599503
0.0232440599503
0.0232440599503
0.0232440599503
0.0232440599503
0.0232440599503
0.0232440599503
0.0232440599503
0.0232440599503
0.0232440599503
0.0232440599503
0.0232440599503
0.0232440599503
0.0232440599503
0.0232440599503
0.0232440599503
0.0232440599503
0.0232440599503
0.0232440599503
0.0232440599503
0.0232440599503
0.0232440599503
0.0232440599503
0.0232440599503
0.0232440599503
0.0232440599503
0.0232440599503
0.0232440599503
0.0232440599503
0.0232440599503
0.0232440599503
0.0232440599503
0.0232440599503
0.0232440599503
0.0197503666262
0.0197503666262
0.0197503666262
0.0197503666262
0.0197503666262
0.0197503666262
0.0197503666262
0.0197503666262
0.0197503666262
0.0197503666262
0.0197503666262
0.0197503666262
0.0197503666262
0.0197503666262
0.0197503666262
0.0197503666262
0.0197503666262
0.0197503666262
0.0197503666262
0.0197503666262
0.0197503666262
0.0197503666262
0.0197503666262
0.0197503666262
0.0197503666262
0.0197503666262
0.0197503666262
0.0197503666262
0.0197503666262
0.0197503666262
0.0197503666262
0.0197503666262
0.0197503666262
0.0197503666262
0.0197503666262
0.0197503666262
0.0197503666262
0.0197503666262
0.0197503666262
0.0197503666262
0.0197503666262
0.0197503666262
0.0197503666262
0.0197503666262
0.0197503666262
0.0197503666262
0.0197503666262
0.0197503666262
0.0197503666262
0.0197503666262
0.0197503666262
0.0197503666262
0.0197503666262
0.0197503666262
0.0197503666262
0.0197503666262
0.0197503666262
0.0197503666262
0.0197503666262
0.0197503666262
0.0197503666262
0.0197503666262
0.0197503666262
0.0197503666262
0.0197503666262
0.0197503666262
0.0197503666262
0.0197503666262
0.0197503666262
0.0197503666262
0.0197503666262
0.0197503666262
0.0197503666262
0.0197503666262
0.0197503666262
0.0197503666262
0.0197503666262
0.0197503666262
0.0197503666262
0.0197503666262
0.0197503666262
0.0197503666262
0.0197503666262
0.0197503666262
0.0197503666262
0.0197503666262
0.0197503666262
0.0150726482147
0.0150726482147
0.0150726482147
0.0150726482147
0.0150726482147
0.0150726482147
0.0150726482147
0.0150726482147
0.0150726482147
0.0150726482147
0.0150726482147
0.0150726482147
0.0150726482147
0.0150726482147
0.0150726482147
0.0150726482147
0.0150726482147
0.0150726482147
0.0150726482147
0.0150726482147
0.0150726482147
0.0150726482147
0.0150726482147
0.0150726482147
0.0150726482147
0.0150726482147
0.0150726482147
0.0150726482147
0.0150726482147
0.0150726482147
0.0150726482147
0.0150726482147
0.0150726482147
0.0150726482147
0.0150726482147
0.0150726482147
0.0150726482147
0.0150726482147
0.013557003653
0.013557003653
0.013557003653
0.013557003653
0.013557003653
0.013557003653
0.013557003653
0.013557003653
0.013557003653
0.013557003653
0.013557003653
0.013557003653
0.013557003653
0.013557003653
0.013557003653
0.013557003653
0.013557003653
0.013557003653
0.013557003653
0.013557003653
0.013557003653
0.013557003653
0.013557003653
0.013557003653
0.013557003653
0.013557003653
0.013557003653
0.013557003653
0.013557003653
0.013557003653
0.013557003653
0.013557003653
0.013557003653
0.013557003653
0.013557003653
0.013557003653
0.013557003653
0.013557003653
0.013557003653
0.013557003653
0.013557003653
0.013557003653
0.013557003653
0.013557003653
0.013557003653
0.0
0.0
0.0
0.0
0.0
0.0
0.0
0.0
0.0
0.0
0.0
0.0
0.0
0.0
0.0
0.0
0.0
0.0
0.0
0.0
0.0
0.0
0.0
0.0
0.0
0.0
0.0
0.0
0.0
0.0
0.0
0.0
0.0
0.0
0.0
0.0
0.0
0.0
0.0
0.0
0.0
0.0
0.0
0.0
0.0
0.0
0.0
0.0
0.0
0.0
0.0
0.0
0.0
0.0
0.0
0.0
0.0
0.0
0.0
0.0
0.0
0.0
0.0
0.0
0.0
0.0
0.0
0.0
0.0
0.0
0.0
0.0
0.0
0.0
0.0
0.0
0.0
0.0
0.0
0.0
0.0
0.0
0.0
0.0
0.0
0.0
0.0
0.0
0.0
0.0
0.0
0.0
0.0
0.0
0.0
0.0
0.0
0.0
0.0
0.0
0.0
0.0
0.0
0.0
0.0
0.0
0.0
0.0
0.0
0.0
0.0
0.0
0.0
0.0
0.0
0.0
0.0
0.0
0.0
0.0
0.0
0.0
0.0
0.0
0.0
0.0
0.0
0.0
0.0
0.0
0.0
0.0
0.0
0.0
0.0
0.0
0.0
0.0
0.0
0.0
0.0
0.0
0.0
0.0
0.0
0.0
0.0
0.0
0.0
0.0
0.0
0.0
0.0
0.0
0.0
0.0
0.0
0.0
0.0
0.0
0.0
0.0
0.0
0.0
0.0
0.0
0.0
0.0
0.0
0.0
0.0
0.0
0.0
0.0
0.0
0.0
0.0
0.0
0.0
0.0
0.0
0.0
0.0
0.0
0.0
0.0
0.0
0.0
0.0
0.0
0.0
0.0
0.0
0.0
0.0
0.0
0.0
0.0
0.0
0.0
0.0
0.0
0.0
0.0
0.0
0.0
0.0
0.0
0.0
0.0
0.0
0.0
0.0
0.0
0.0
0.0
0.0
0.0
0.0
0.0
0.0
0.0
0.0
0.0
0.0
0.0
0.0
0.0
0.0
0.0
0.0
0.0
0.0
0.0
0.0
0.0
0.0
0.0
0.0
0.0
0.0
0.0
0.0
0.0
0.0
0.0
0.0
0.0
0.0
0.0
0.0
0.0
0.0
0.0
0.0
0.0
0.0
0.0
0.0
0.0
0.0
0.0
0.0
0.0
0.0
0.0
0.0
0.0
0.0
0.0
0.0
0.0
0.0
0.0
0.0
0.0
0.0
0.0
0.0
0.0
0.0
0.0
0.0
0.0
0.0
0.0
0.0
0.0
0.0
0.0
0.0
0.0
0.0
0.0
0.0
0.0
0.0
0.0
0.0
0.0
0.0
0.0
0.0
0.0
0.0
0.0
0.0
0.0
0.0
0.0
0.0
0.0
0.0
0.0
0.0
0.0
0.0
0.0
0.0
0.0
0.0
0.0
0.0
0.0
0.0
0.0
0.0
0.0
0.0
0.0
0.0
0.0
0.0
0.0
0.0
0.0
0.0
0.0
0.0
0.0
0.0
0.0
0.0
0.0
0.0
0.0
0.0
0.0
0.0
0.0
0.0
0.0
0.0
0.0
0.0
0.0
0.0
0.0
0.0
0.0
0.0
0.0
0.0
0.0
0.0
0.0
0.0
0.0
0.0
0.0
0.0
0.0
0.0
0.0
0.0
0.0
0.0
0.0
0.0
0.0
0.0
0.0
0.0
0.0
0.0
0.0
0.0
0.0
0.0
0.0
0.0
0.0
0.0
0.0
0.0
0.0
0.0
0.0
0.0
0.0
0.0
0.0
0.0
0.0
0.0
0.0
0.0
0.0
0.0
0.0
0.0
0.0
0.0
0.0
0.0
0.0
0.0
0.0
0.0
0.0
0.0
0.0
0.0
0.0
0.0
0.0
0.0
0.0
0.0
0.0
0.0
0.0
0.0
0.0
0.0
0.0
0.0
0.0
0.0
0.0
0.0
0.0
0.0
0.0
0.0
0.0
0.0
0.0
0.0
0.0
0.0
0.0
0.0
0.0
0.0
0.0
0.0
0.0
0.0
0.0
0.0
0.0
0.0
0.0
0.0
0.0
0.0
0.0
0.0
0.0
0.0
0.0
0.0
0.0
0.0
0.0
0.0
0.0
0.0
0.0
0.0
0.0
0.0
0.0
0.0
0.0
0.0
0.0
0.0
0.0
0.0
0.0
0.0
0.0
0.0
0.0
0.0
0.0
0.0
0.0
0.0
0.0
0.0
0.0
0.0
0.0
0.0
0.0
0.0
0.0
0.0
0.0
0.0
0.0
0.0
0.0
0.0
0.0
0.0
0.0
0.0
0.0
0.0
0.0
0.0
0.0
0.0
0.0
0.0
0.0
0.0
0.0
0.0
0.0
0.0
0.0
0.0
0.0
0.0
0.0
0.0
0.0
0.0
0.0
0.0
0.0
0.0
0.0
0.0
0.0
0.0
0.0
0.0
0.0
0.0
0.0
0.0
0.0
0.0
0.0
0.0
0.0
0.0
0.0
0.0
0.0
0.0
0.0
0.0
0.0
0.0
0.0
0.0
0.0
0.0
0.0
0.0
0.0
0.0
0.0
0.0
0.0
0.0
0.0
0.0
0.0
0.0
0.0
0.0
0.0
0.0
0.0
0.0
0.0
0.0
0.0
0.0
0.0
0.0
0.0
0.0
0.0
0.0
0.0
0.0
0.0
0.0
0.0
0.0
0.0
0.0
0.0
0.0
0.0
0.0
0.0
0.0
0.0
0.0
0.0
0.0
0.0
0.0
0.0
0.0
0.0
0.0
0.0
0.0
0.0
0.0
0.0
0.0
0.0
0.0
0.0
0.0
0.0
0.0
0.0
0.0
0.0
0.0
0.0
0.0
0.0
0.0
0.0
0.0
0.0
0.0
0.0
0.0
0.0
0.0
0.0
0.0
0.0
0.0
0.0
0.0
0.0
0.0
0.0
0.0
0.0
0.0
0.0
0.0
0.0
0.0
0.0
0.0
0.0
0.0
0.0
0.0
0.0
0.0
0.0
0.0
0.0
0.0
0.0
0.0
0.0
0.0
0.0
0.0
0.0
0.0
0.0
0.0
0.0
0.0
0.0
0.0
0.0
0.0
0.0
0.0
0.0
0.0
0.0
0.0
0.0
0.0
0.0
0.0
0.0
0.0
0.0
0.0
0.0
0.0
0.0
0.0
0.0
0.0
0.0
0.0
0.0
0.0
0.0
0.0
0.0
0.0
0.0
0.0
0.0
0.0
0.0
0.0
0.0
0.0
0.0
0.0
0.0
0.0
0.0
0.0
0.0
0.0
0.0
0.0
0.0
0.0
0.0
0.0
0.0
0.0
0.0
0.0
0.0
0.0
0.0
0.0
0.0
0.0
0.0
0.0
0.0
0.0
0.0
0.0
0.0
0.0
0.0
0.0
0.0
0.0
0.0
0.0
0.0
0.0
0.0
0.0
0.0
0.0
0.0
0.0
0.0
0.0
0.0
0.0
0.0
0.0
0.0
0.0
0.0
0.0
0.0
0.0
0.0
0.0
0.0
0.0
0.0
0.0
0.0
0.0
0.0
0.0
0.0
0.0
0.0
0.0
0.0
0.0
0.0
0.0
0.0
0.0
0.0
0.0
0.0
0.0
0.0
0.0
0.0
0.0
0.0
0.0
0.0
0.0
0.0
0.0
0.0
0.0
0.0
0.0
0.0
0.0
0.0
0.0
0.0
0.0
0.0
0.0
0.0
0.0
0.0
0.0
0.0
0.0
0.0
0.0
0.0
0.0
0.0
0.0
0.0
0.0
0.0
0.0
0.0
0.0
0.0
0.0
0.0
0.0
0.0
0.0
0.0
0.0
0.0
0.0
0.0
0.0
0.0
0.0
0.0
0.0
0.0
0.0
0.0
0.0
0.0
0.0
0.0
0.0
0.0
0.0
0.0
0.0
0.0
0.0
0.0
0.0
0.0
0.0
0.0
0.0
0.0
0.0
0.0
0.0
0.0
0.0
0.0
0.0
0.0
0.0
0.0
0.0
0.0
0.0
0.0
0.0
0.0
0.0
0.0
0.0
0.0
0.0
0.0
0.0
0.0
0.0
0.0
0.0
0.0
0.0
0.0
0.0
0.0
0.0
0.0
0.0
0.0
0.0
0.0
0.0
0.0
0.0
0.0
0.0
0.0
0.0
0.0
0.0
0.0
0.0
0.0
0.0
0.0
0.0
0.0
0.0
0.0
0.0
0.0
0.0
0.0
0.0
0.0
0.0
0.0
0.0
0.0
0.0
0.0
0.0
0.0
0.0
0.0
0.0
0.0
0.0
0.0
0.0
0.0
0.0
0.0
0.0
0.0
0.0
0.0
0.0
0.0
0.0
0.0
0.0
0.0
0.0
0.0
0.0
0.0
0.0
0.0
0.0
0.0
0.0
0.0
0.0
0.0
0.0
0.0
0.0
0.0
0.0
0.0
0.0
0.0
0.0
0.0
0.0
0.0
0.0
0.0
0.0
0.0
0.0
0.0
0.0
0.0
0.0
0.0
0.0
0.0
0.0
0.0
0.0
0.0
0.0
0.0
0.0
0.0
0.0
0.0
0.0
0.0
0.0
0.0
0.0
0.0
0.0
0.0
0.0
0.0
0.0
0.0
0.0
0.0
0.0
0.0
0.0
0.0
0.0
0.0
0.0
0.0
0.0
0.0
0.0
0.0
0.0
0.0
0.0
0.0
0.0
0.0
0.0
0.0
0.0
0.0
0.0
0.0
0.0
0.0
0.0
0.0
0.0
0.0
0.0
0.0
0.0
0.0
0.0
0.0
0.0
0.0
0.0
0.0
0.0
0.0
0.0
0.0
0.0
0.0
0.0
0.0
0.0
0.0
0.0
0.0
0.0
0.0
0.0
0.0
0.0
0.0
0.0
0.0
0.0
0.0
0.0
0.0
0.0
0.0
0.0
0.0
0.0
0.0
0.0
0.0
0.0
0.0
0.0
0.0
0.0
0.0
0.0
0.0
0.0
0.0
0.0
0.0
0.0
0.0
0.0
0.0
0.0
0.0
0.0
0.0
0.0
0.0
0.0
0.0
0.0
0.0
0.0
0.0
0.0
0.0
0.0
0.0
0.0
0.0
0.0
0.0
0.0
0.0
0.0
0.0
0.0
0.0
0.0
0.0
0.0
0.0
0.0
0.0
0.0
0.0
0.0
0.0
0.0
0.0
0.0
0.0
0.0
0.0
0.0
0.0
0.0
0.0
0.0
0.0
0.0
0.0
0.0
0.0
0.0
0.0
0.0
0.0
0.0
0.0
0.0
0.0
0.0
0.0
0.0
0.0
0.0
0.0
0.0
0.0
0.0
0.0
0.0
0.0
0.0
0.0
0.0
0.0
0.0
0.0
0.0
0.0
0.0
0.0
0.0
0.0
0.0
0.0
0.0
0.0
0.0
0.0
0.0
0.0
0.0
0.0
0.0
0.0
0.0
0.0
0.0
0.0
0.0
0.0
0.0
0.0
0.0
0.0
0.0
0.0
0.0
0.0
0.0
0.0
0.0
0.0
0.0
0.0
0.0
0.0
0.0
0.0
0.0
0.0
0.0
0.0
0.0
0.0
0.0
0.0
0.0
0.0
0.0
0.0
0.0
0.0
0.0
0.0
0.0
0.0
0.0
0.0
0.0
0.0
0.0
0.0
0.0
0.0
0.0
0.0
0.0
0.0
0.0
0.0
0.0
0.0
0.0
0.0
0.0
0.0
0.0
0.0
0.0
0.0
0.0
0.0
0.0
0.0
0.0
0.0
0.0
0.0
0.0
0.0
0.0
0.0
0.0
0.0
0.0
0.0
0.0
0.0
0.0
0.0
0.0
0.0
0.0
0.0
0.0
0.0
0.0
0.0
0.0
0.0
0.0
0.0
0.0
0.0
0.0
0.0
0.0
0.0
0.0
0.0
0.0
0.0
0.0
0.0
0.0
0.0
0.0
0.0
0.0
0.0
0.0
0.0
0.0
0.0
0.0
0.0
0.0
0.0
0.0
0.0
0.0
0.0
0.0
0.0
0.0
0.0
0.0
0.0
0.0
0.0
0.0
0.0
0.0
0.0
0.0
0.0
0.0
0.0
0.0
0.0
0.0
0.0
0.0
0.0
0.0
0.0
0.0
0.0
0.0
0.0
0.0
0.0
0.0
0.0
0.0
0.0
0.0
0.0
0.0
0.0
0.0
0.0
0.0
0.0
0.0
0.0
0.0
0.0
0.0
0.0
0.0
0.0
0.0
0.0
0.0
0.0
0.0
0.0
0.0
0.0
0.0
0.0
0.0
0.0
0.0
0.0
0.0
0.0
0.0
0.0
0.0
0.0
0.0
0.0
0.0
0.0
0.0
0.0
0.0
0.0
0.0
0.0
0.0
0.0
0.0
0.0
0.0
0.0
0.0
0.0
0.0
0.0
0.0
0.0
0.0
0.0
0.0
0.0
0.0
0.0
0.0
0.0
0.0
0.0
0.0
0.0
0.0
0.0
0.0
0.0
0.0
0.0
0.0
0.0
0.0
0.0
0.0
0.0
0.0
0.0
0.0
0.0
0.0
0.0
0.0
0.0
0.0
0.0
0.0
0.0
0.0
0.0
0.0
0.0
0.0
0.0
0.0
0.0
0.0
0.0
0.0
0.0
0.0
0.0
0.0
0.0
0.0
0.0
0.0
0.0
0.0
0.0
0.0
0.0
0.0
0.0
0.0
0.0
0.0
0.0
0.0
0.0
0.0
0.0
0.0
0.0
0.0
0.0
0.0
0.0
0.0
0.0
0.0
0.0
0.0
0.0
0.0
0.0
0.0
0.0
0.0
0.0
0.0
0.0
0.0
0.0
0.0
0.0
0.0
0.0
0.0
0.0
0.0
0.0
0.0
0.0
0.0
0.0
0.0
0.0
0.0
0.0
0.0
0.0
0.0
0.0
0.0
0.0
0.0
0.0
0.0
0.0
0.0
0.0
0.0
0.0
0.0
0.0
0.0
0.0
0.0
0.0
0.0
0.0
0.0
0.0
0.0
0.0
0.0
0.0
0.0
0.0
0.0
0.0
0.0
0.0
0.0
0.0
0.0
0.0
0.0
0.0
0.0
0.0
0.0
0.0
0.0
0.0
0.0
0.0
0.0
0.0
0.0
0.0
0.0
0.0
0.0
0.0
0.0
0.0
0.0
0.0
0.0
0.0
0.0
0.0
0.0
0.0
0.0
0.0
0.0
0.0
0.0
0.0
0.0
0.0
0.0
0.0
0.0
0.0
0.0
0.0
0.0
0.0
0.0
0.0
0.0
0.0
0.0
0.0
0.0
0.0
0.0
0.0
0.0
0.0
0.0
0.0
0.0
0.0
0.0
0.0
0.0
0.0
0.0
0.0
0.0
0.0
0.0
0.0
0.0
0.0
0.0
0.0
0.0
0.0
0.0
0.0
0.0
0.0
0.0
0.0
0.0
0.0
0.0
0.0
0.0
0.0
0.0
0.0
0.0
0.0
0.0
0.0
0.0
0.0
0.0
0.0
0.0
0.0
0.0
0.0
0.0
0.0
0.0
0.0
0.0
0.0
0.0
0.0
0.0
0.0
0.0
0.0
0.0
0.0
0.0
0.0
0.0
0.0
0.0
0.0
0.0
0.0
0.0
0.0
0.0
0.0
0.0
0.0
0.0
0.0
0.0
0.0
0.0
0.0
0.0
0.0
0.0
0.0
0.0
0.0
0.0
0.0
0.0
0.0
0.0
0.0
0.0
0.0
0.0
0.0
0.0
0.0
0.0
0.0
0.0
0.0
0.0
0.0
0.0
0.0
0.0
0.0
0.0
0.0
0.0
0.0
0.0
0.0
0.0
0.0
0.0
0.0
0.0
0.0
0.0
0.0
0.0
0.0
0.0
0.0
0.0
0.0
0.0
0.0
0.0
0.0
0.0
0.0
0.0
0.0
0.0
0.0
0.0
0.0
0.0
0.0
0.0
0.0
0.0
0.0
0.0
0.0
0.0
0.0
0.0
0.0
0.0
0.0
0.0
0.0
0.0
0.0
0.0
0.0
0.0
0.0
0.0
0.0
0.0
0.0
0.0
0.0
0.0
0.0
0.0
0.0
0.0
0.0
0.0
0.0
0.0
0.0
0.0
0.0
0.0
0.0
0.0
0.0
0.0
0.0
0.0
0.0
0.0
0.0
0.0
0.0
0.0
0.0
0.0
0.0
0.0
0.0
0.0
0.0
0.0
0.0
0.0
0.0
0.0
0.0
0.0
0.0
0.0
0.0
0.0
0.0
0.0
0.0
0.0
0.0
0.0
0.0
0.0
0.0
0.0
0.0
0.0
0.0
0.0
0.0
0.0
0.0
0.0
0.0
0.0
0.0
0.0
0.0
0.0
0.0
0.0
0.0
0.0
0.0
0.0
0.0
0.0
0.0
0.0
0.0
0.0
0.0
0.0
0.0
0.0
0.0
0.0
0.0
0.0
0.0
0.0
0.0
0.0
0.0
0.0
0.0
0.0
0.0
0.0
0.0
0.0
0.0
0.0
0.0
0.0
0.0
0.0
0.0
0.0
0.0
0.0
0.0
0.0
0.0
0.0
0.0
0.0
0.0
0.0
0.0
0.0
0.0
0.0
0.0
0.0
0.0
0.0
0.0
0.0
0.0
0.0
0.0
0.0
0.0
0.0
0.0
0.0
0.0
0.0
0.0
0.0
0.0
0.0
0.0
0.0
0.0
0.0
0.0
0.0
0.0
0.0
0.0
0.0
0.0
0.0
0.0
0.0
0.0
0.0
0.0
0.0
0.0
0.0
0.0
0.0
0.0
0.0
0.0
0.0
0.0
0.0
0.0
0.0
0.0
0.0
0.0
0.0
0.0
0.0
0.0
0.0
0.0
0.0
0.0
0.0
0.0
0.0
0.0
0.0
0.0
0.0
0.0
0.0
0.0
0.0
0.0
0.0
0.0
0.0
0.0
0.0
0.0
0.0
0.0
0.0
0.0
0.0
0.0
0.0
0.0
0.0
0.0
0.0
0.0
0.0
0.0
0.0
0.0
0.0
0.0
0.0
0.0
0.0
0.0
0.0
0.0
0.0
0.0
0.0
0.0
0.0
0.0
0.0
0.0
0.0
0.0
0.0
0.0
0.0
0.0
0.0
0.0
0.0
0.0
0.0
0.0
0.0
0.0
0.0
0.0
0.0
0.0
0.0
0.0
0.0
0.0
0.0
0.0
0.0
0.0
0.0
0.0
0.0
0.0
0.0
0.0
0.0
0.0
0.0
0.0
0.0
0.0
0.0
0.0
0.0
0.0
0.0
0.0
0.0
0.0
0.0
0.0
0.0
0.0
0.0
0.0
0.0
0.0
0.0
0.0
0.0
0.0
0.0
0.0
0.0
0.0
0.0
0.0
0.0
0.0
0.0
0.0
0.0
0.0
0.0
0.0
0.0
0.0
0.0
0.0
0.0
0.0
0.0
0.0
0.0
0.0
0.0
0.0
0.0
0.0
0.0
0.0
0.0
0.0
0.0
0.0
0.0
0.0
0.0
0.0
0.0
0.0
0.0
0.0
0.0
0.0
0.0
0.0
0.0
0.0
0.0
0.0
0.0
0.0
0.0
0.0
0.0
0.0
0.0
0.0
0.0
0.0
0.0
0.0
0.0
0.0
0.0
0.0
0.0
0.0
0.0
0.0
0.0
0.0
0.0
0.0
0.0
0.0
0.0
0.0
0.0
0.0
0.0
0.0
0.0
0.0
0.0
0.0
0.0
0.0
0.0
0.0
0.0
0.0
0.0
0.0
0.0
0.0
0.0
0.0
0.0
0.0
0.0
0.0
0.0
0.0
0.0
0.0
0.0
0.0
0.0
0.0
0.0
0.0
0.0
0.0
0.0
0.0
0.0
0.0
0.0
0.0
0.0
0.0
0.0
0.0
0.0
0.0
0.0
0.0
0.0
0.0
0.0
0.0
0.0
0.0
0.0
0.0
0.0
0.0
0.0
0.0
0.0
0.0
0.0
0.0
0.0
0.0
0.0
0.0
0.0
0.0
0.0
0.0
0.0
0.0
0.0
0.0
0.0
0.0
0.0
0.0
0.0
0.0
0.0
0.0
0.0
0.0
0.0
0.0
0.0
0.0
0.0
0.0
0.0
0.0
0.0
0.0
0.0
0.0
0.0
0.0
0.0
0.0
0.0
0.0
0.0
0.0
0.0
0.0
0.0
0.0
0.0
0.0
0.0
0.0
0.0
0.0
0.0
0.0
0.0
0.0
0.0
0.0
0.0
0.0
0.0
0.0
0.0
0.0
0.0
0.0
0.0
0.0
0.0
0.0
0.0
0.0
0.0
0.0
0.0
0.0
0.0
0.0
0.0
0.0
0.0
0.0
0.0
0.0
0.0
0.0
0.0
0.0
0.0
0.0
0.0
0.0
0.0
0.0
0.0
0.0
0.0
0.0
0.0
0.0
0.0
0.0
0.0
0.0
0.0
0.0
0.0
0.0
0.0
0.0
0.0
0.0
0.0
0.0
0.0
0.0
0.0
0.0
0.0
0.0
0.0
0.0
0.0
0.0
0.0
0.0
0.0
0.0
0.0
0.0
0.0
0.0
0.0
0.0
0.0
0.0
0.0
0.0
0.0
0.0
0.0
0.0
0.0
0.0
0.0
0.0
0.0
0.0
0.0
0.0
0.0
0.0
0.0
0.0
0.0
0.0
0.0
0.0
0.0
0.0
0.0
0.0
0.0
0.0
0.0
0.0
0.0
0.0
0.0
0.0
0.0
0.0
0.0
0.0
0.0
0.0
0.0
0.0
0.0
0.0
0.0
0.0
0.0
0.0
0.0
0.0
0.0
0.0
0.0
0.0
0.0
0.0
0.0
0.0
0.0
0.0
0.0
0.0
0.0
0.0
0.0
0.0
0.0
0.0
0.0
0.0
0.0
0.0
0.0
0.0
0.0
0.0
0.0
0.0
0.0
0.0
0.0
0.0
0.0
0.0
0.0
0.0
0.0
0.0
0.0
0.0
0.0
0.0
0.0
0.0
0.0
0.0
0.0
0.0
0.0
0.0
0.0
0.0
0.0
0.0
0.0
0.0
0.0
0.0
0.0
0.0
0.0
0.0
0.0
0.0
0.0
0.0
0.0
0.0
0.0
0.0
0.0
0.0
0.0
0.0
0.0
0.0
0.0
0.0
0.0
0.0
0.0
0.0
0.0
0.0
0.0
0.0
0.0
0.0
0.0
0.0
0.0
0.0
0.0
0.0
0.0
0.0
0.0
0.0
0.0
0.0
0.0
0.0
0.0
0.0
0.0
0.0
0.0
0.0
0.0
0.0
0.0
0.0
0.0
0.0
0.0
0.0
0.0
0.0
0.0
0.0
0.0
0.0
0.0
0.0
0.0
0.0
0.0
0.0
0.0
0.0
0.0
0.0
0.0
0.0
0.0
0.0
0.0
0.0
0.0
0.0
0.0
0.0
0.0
0.0
0.0
0.0
0.0
0.0
0.0
0.0
0.0
0.0
0.0
0.0
0.0
0.0
0.0
0.0
0.0
0.0
0.0
0.0
0.0
0.0
0.0
0.0
0.0
0.0
0.0
0.0
0.0
0.0
0.0
0.0
0.0
0.0
0.0
0.0
0.0
0.0
0.0
0.0
0.0
0.0
0.0
0.0
0.0
0.0
0.0
0.0
0.0
0.0
0.0
0.0
0.0
0.0
0.0
0.0
0.0
0.0
0.0
0.0
0.0
0.0
0.0
0.0
0.0
0.0
0.0
0.0
0.0
0.0
0.0
0.0
0.0
0.0
0.0
0.0
0.0
0.0
0.0
0.0
0.0
0.0
0.0
0.0
0.0
0.0
0.0
0.0
0.0
0.0
0.0
0.0
0.0
0.0
0.0
0.0
0.0
0.0
0.0
0.0
0.0
0.0
0.0
0.0
0.0
0.0
0.0
0.0
0.0
0.0
0.0
0.0
0.0
0.0
0.0
0.0
0.0
0.0
0.0
0.0
0.0
0.0
0.0
0.0
0.0
0.0
0.0
0.0
0.0
0.0
0.0
0.0
0.0
0.0
0.0
0.0
0.0
0.0
0.0
0.0
0.0
0.0
0.0
0.0
0.0
0.0
0.0
0.0
0.0
0.0
0.0
0.0
0.0
0.0
0.0
0.0
0.0
0.0
0.0
0.0
0.0
0.0
0.0
0.0
0.0
0.0
0.0
0.0
0.0
0.0
0.0
0.0
0.0
0.0
0.0
0.0
0.0
0.0
0.0
0.0
0.0
0.0
0.0
0.0
0.0
0.0
0.0
0.0
0.0
0.0
0.0
0.0
0.0
0.0
0.0
0.0
0.0
0.0
0.0
0.0
0.0
0.0
0.0
0.0
0.0
0.0
0.0
0.0
0.0
0.0
0.0
0.0
0.0
0.0
0.0
0.0
0.0
0.0
0.0
0.0
0.0
0.0
0.0
0.0
0.0
0.0
0.0
0.0
0.0
0.0
0.0
0.0
0.0
0.0
0.0
0.0
0.0
0.0
0.0
0.0
0.0
0.0
0.0
0.0
0.0
0.0
0.0
0.0
0.0
0.0
0.0
0.0
0.0
0.0
0.0
0.0
0.0
0.0
0.0
0.0
0.0
0.0
0.0
0.0
0.0
0.0
0.0
0.0
0.0
0.0
0.0
0.0
0.0
0.0
0.0
0.0
0.0
0.0
0.0
0.0
0.0
0.0
0.0
0.0
0.0
0.0
0.0
0.0
0.0
0.0
0.0
0.0
0.0
0.0
0.0
0.0
0.0
0.0
0.0
0.0
0.0
0.0
0.0
0.0
0.0
0.0
0.0
0.0
0.0
0.0
0.0
0.0
0.0
0.0
0.0
0.0
0.0
0.0
0.0
0.0
0.0
0.0
0.0
0.0
0.0
0.0
0.0
0.0
0.0
0.0
0.0
0.0
0.0
0.0
0.0
0.0
0.0
0.0
0.0
0.0
0.0
0.0
0.0
0.0
0.0
0.0
0.0
0.0
0.0
0.0
0.0
0.0
0.0
0.0
0.0
0.0
0.0
0.0
0.0
0.0
0.0
0.0
0.0
0.0
0.0
0.0
0.0
0.0
0.0
0.0
0.0
0.0
0.0
0.0
0.0
0.0
0.0
0.0
0.0
0.0
0.0
0.0
0.0
0.0
0.0
0.0
0.0
0.0
0.0
0.0
0.0
0.0
0.0
0.0
0.0
0.0
0.0
0.0
0.0
0.0
0.0
0.0
0.0
0.0
0.0
0.0
0.0
0.0
0.0
0.0
0.0
0.0
0.0
0.0
0.0
0.0
0.0
0.0
0.0
0.0
0.0
0.0
0.0
0.0
0.0
0.0
0.0
0.0
0.0
0.0
0.0
0.0
0.0
0.0
0.0
0.0
0.0
0.0
0.0
0.0
0.0
0.0
0.0
0.0
0.0
0.0
0.0
0.0
0.0
0.0
0.0
0.0
0.0
0.0
0.0
0.0
0.0
0.0
0.0
0.0
0.0
0.0
0.0
0.0
0.0
0.0
0.0
0.0
0.0
0.0
0.0
0.0
0.0
0.0
0.0
0.0
0.0
0.0
0.0
0.0
0.0
0.0
0.0
0.0
0.0
0.0
0.0
0.0
0.0
0.0
0.0
0.0
0.0
0.0
0.0
0.0
0.0
0.0
0.0
0.0
0.0
0.0
0.0
0.0
0.0
0.0
0.0
0.0
0.0
0.0
0.0
0.0
0.0
0.0
0.0
0.0
0.0
0.0
0.0
0.0
0.0
0.0
0.0
0.0
0.0
0.0
0.0
0.0
0.0
0.0
0.0
0.0
0.0
0.0
0.0
0.0
0.0
0.0
0.0
0.0
0.0
0.0
0.0
0.0
0.0
0.0
0.0
0.0
0.0
0.0
0.0
0.0
0.0
0.0
0.0
0.0
0.0
0.0
0.0
0.0
0.0
0.0
0.0
0.0
0.0
0.0
0.0
0.0
0.0
0.0
0.0
0.0
0.0
0.0
0.0
0.0
0.0
0.0
0.0
0.0
0.0
0.0
0.0
0.0
0.0
0.0
0.0
0.0
0.0
0.0
0.0
0.0
0.0
0.0
0.0
0.0
0.0
0.0
0.0
0.0
0.0
0.0
0.0
0.0
0.0
0.0
0.0
0.0
0.0
0.0
0.0
0.0
0.0
0.0
0.0
0.0
0.0
0.0
0.0
0.0
0.0
0.0
0.0
0.0
0.0
0.0
0.0
0.0
0.0
0.0
0.0
0.0
0.0
0.0
0.0
0.0
0.0
0.0
0.0
0.0
0.0
0.0
0.0
0.0
0.0
0.0
0.0
0.0
0.0
0.0
0.0
0.0
0.0
0.0
0.0
0.0
0.0
0.0
0.0
0.0
0.0
0.0
0.0
0.0
0.0
0.0
0.0
0.0
0.0
0.0
0.0
0.0
0.0
0.0
0.0
0.0
0.0
0.0
0.0
0.0
0.0
0.0
0.0
0.0
0.0
0.0
0.0
0.0
0.0
0.0
0.0
0.0
0.0
0.0
0.0
0.0
0.0
0.0
0.0
0.0
0.0
0.0
0.0
0.0
0.0
0.0
0.0
0.0
0.0
0.0
0.0
0.0
0.0
0.0
0.0
0.0
0.0
0.0
0.0
0.0
0.0
0.0
0.0
0.0
0.0
0.0
0.0
0.0
0.0
0.0
0.0
0.0
0.0
0.0
0.0
0.0
0.0
0.0
0.0
0.0
0.0
0.0
0.0
0.0
0.0
0.0
0.0
0.0
0.0
0.0
0.0
0.0
0.0
0.0
0.0
0.0
0.0
0.0
0.0
0.0
0.0
0.0
0.0
0.0
0.0
0.0
0.0
0.0
0.0
0.0
0.0
0.0
0.0
0.0
0.0
0.0
0.0
0.0
0.0
0.0
0.0
0.0
0.0
0.0
0.0
0.0
0.0
0.0
0.0
0.0
0.0
0.0
0.0
0.0
0.0
0.0
0.0
0.0
0.0
0.0
0.0
0.0
0.0
0.0
0.0
0.0
0.0
0.0
0.0
0.0
0.0
0.0
0.0
0.0
0.0
0.0
0.0
0.0
0.0
0.0
0.0
0.0
0.0
0.0
0.0
0.0
0.0
0.0
0.0
0.0
0.0
0.0
0.0
0.0
0.0
0.0
0.0
0.0
0.0
0.0
0.0
0.0
0.0
0.0
0.0
0.0
0.0
0.0
0.0
0.0
0.0
0.0
0.0
0.0
0.0
0.0
0.0
0.0
0.0
0.0
0.0
0.0
0.0
0.0
0.0
0.0
0.0
0.0
0.0
0.0
0.0
0.0
0.0
0.0
0.0
0.0
0.0
0.0
0.0
0.0
0.0
0.0
0.0
0.0
0.0
0.0
0.0
0.0
0.0
0.0
0.0
0.0
0.0
0.0
0.0
0.0
0.0
0.0
0.0
0.0
0.0
0.0
0.0
0.0
0.0
0.0
0.0
0.0
0.0
0.0
0.0
0.0
0.0
0.0
0.0
0.0
0.0
0.0
0.0
0.0
0.0
0.0
0.0
0.0
0.0
0.0
0.0
0.0
0.0
0.0
0.0
0.0
0.0
0.0
0.0
0.0
0.0
0.0
0.0
0.0
0.0
0.0
0.0
0.0
0.0
0.0
0.0
0.0
0.0
0.0
0.0
0.0
0.0
0.0
0.0
0.0
0.0
0.0
0.0
0.0
0.0
0.0
0.0
0.0
0.0
0.0
0.0
0.0
0.0
0.0
0.0
0.0
0.0
0.0
0.0
0.0
0.0
0.0
0.0
0.0
0.0
0.0
0.0
0.0
0.0
0.0
0.0
0.0
0.0
0.0
0.0
0.0
0.0
0.0
0.0
0.0
0.0
0.0
0.0
0.0
0.0
0.0
0.0
0.0
0.0
0.0
0.0
0.0
0.0
0.0
0.0
0.0
0.0
0.0
0.0
0.0
0.0
0.0
0.0
0.0
0.0
0.0
0.0
0.0
0.0
0.0
0.0
0.0
0.0
0.0
0.0
0.0
0.0
0.0
0.0
0.0
0.0
0.0
0.0
0.0
0.0
0.0
0.0
0.0
0.0
0.0
0.0
0.0
0.0
0.0
0.0
0.0
0.0
0.0
0.0
0.0
0.0
0.0
0.0
0.0
0.0
0.0
0.0
0.0
0.0
0.0
0.0
0.0
0.0
0.0
0.0
0.0
0.0
0.0
0.0
0.0
0.0
0.0
0.0
0.0
0.0
0.0
0.0
0.0
0.0
0.0
0.0
0.0
0.0
0.0
0.0
0.0
0.0
0.0
0.0
0.0
0.0
0.0
0.0
0.0
0.0
0.0
0.0
0.0
0.0
0.0
0.0
0.0
0.0
0.0
0.0
0.0
0.0
0.0
0.0
0.0
0.0
0.0
0.0
0.0
0.0
0.0
0.0
0.0
0.0
0.0
0.0
0.0
0.0
0.0
0.0
0.0
0.0
0.0
0.0
0.0
0.0
0.0
0.0
0.0
0.0
0.0
0.0
0.0
0.0
0.0
0.0
0.0
0.0
0.0
0.0
0.0
0.0
0.0
0.0
0.0
0.0
0.0
0.0
0.0
0.0
0.0
0.0
0.0
0.0
0.0
0.0
0.0
0.0
0.0
0.0
0.0
0.0
0.0
0.0
0.0
0.0
0.0
0.0
0.0
0.0
0.0
0.0
0.0
0.0
0.0
0.0
0.0
0.0
0.0
0.0
0.0
0.0
0.0
0.0
0.0
0.0
0.0
0.0
0.0
0.0
0.0
0.0
0.0
0.0
0.0
0.0
0.0
0.0
0.0
0.0
0.0
0.0
0.0
0.0
0.0
0.0
0.0
0.0
0.0
0.0
0.0
0.0
0.0
0.0
0.0
0.0
0.0
0.0
0.0
0.0
0.0
0.0
0.0
0.0
0.0
0.0
0.0
0.0
0.0
0.0
0.0
0.0
0.0
0.0
0.0
0.0
0.0
0.0
0.0
0.0
0.0
0.0
0.0
0.0
0.0
0.0
0.0
0.0
0.0
0.0
0.0
0.0
0.0
0.0
0.0
0.0
0.0
0.0
0.0
0.0
0.0
0.0
0.0
0.0
0.0
0.0
0.0
0.0
0.0
0.0
0.0
0.0
0.0
0.0
0.0
0.0
0.0
0.0
0.0
0.0
0.0
0.0
0.0
0.0
0.0
0.0
0.0
0.0
0.0
0.0
0.0
0.0
0.0
0.0
0.0
0.0
0.0
0.0
0.0
0.0
0.0
0.0
0.0
0.0
0.0
0.0
0.0
0.0
0.0
0.0
0.0
0.0
0.0
0.0
0.0
0.0
0.0
0.0
0.0
0.0
0.0
0.0
0.0
0.0
0.0
0.0
0.0
0.0
0.0
0.0
0.0
0.0
0.0
0.0
0.0
0.0
0.0
0.0
0.0
0.0
0.0
0.0
0.0
0.0
0.0
0.0
0.0
0.0
0.0
0.0
0.0
0.0
0.0
0.0
0.0
0.0
0.0
0.0
0.0
0.0
0.0
0.0
0.0
0.0
0.0
0.0
0.0
0.0
0.0
0.0
0.0
0.0
0.0
0.0
0.0
0.0
0.0
0.0
0.0
0.0
0.0
0.0
0.0
0.0
0.0
0.0
0.0
0.0
0.0
0.0
0.0
0.0
0.0
0.0
0.0
0.0
0.0
0.0
0.0
0.0
0.0
0.0
0.0
0.0
0.0
0.0
0.0
0.0
0.0
0.0
0.0
0.0
0.0
0.0
0.0
0.0
0.0
0.0
0.0
0.0
0.0
0.0
0.0
0.0
0.0
0.0
0.0
0.0
0.0
0.0
0.0
0.0
0.0
0.0
0.0
0.0
0.0
0.0
0.0
0.0
0.0
0.0
0.0
0.0
0.0
0.0
0.0
0.0
0.0
0.0
0.0
0.0
0.0
0.0
0.0
0.0
0.0
0.0
0.0
0.0
0.0
0.0
0.0
0.0
0.0
0.0
0.0
0.0
0.0
0.0
0.0
0.0
0.0
0.0
0.0
0.0
0.0
0.0
0.0
0.0
0.0
0.0
0.0
0.0
0.0
0.0
0.0
0.0
0.0
0.0
0.0
0.0
0.0
0.0
0.0
0.0
0.0
0.0
0.0
0.0
0.0
0.0
0.0
0.0
0.0
0.0
0.0
0.0
0.0
0.0
0.0
0.0
0.0
0.0
0.0
0.0
0.0
0.0
0.0
0.0
0.0
0.0
0.0
0.0
0.0
0.0
0.0
0.0
0.0
0.0
0.0
0.0
0.0
0.0
0.0
0.0
0.0
0.0
0.0
0.0
0.0
0.0
0.0
0.0
0.0
0.0
0.0
0.0
0.0
0.0
0.0
0.0
0.0
0.0
0.0
0.0
0.0
0.0
0.0
0.0
0.0
0.0
0.0
0.0
0.0
0.0
0.0
0.0
0.0
0.0
0.0
0.0
0.0
0.0
0.0
0.0
0.0
0.0
0.0
0.0
0.0
0.0
0.0
0.0
0.0
0.0
0.0
0.0
0.0
0.0
0.0
0.0
0.0
0.0
0.0
0.0
0.0
0.0
0.0
0.0
0.0
0.0
0.0
0.0
0.0
0.0
0.0
0.0
0.0
0.0
0.0
0.0
0.0
0.0
0.0
0.0
0.0
0.0
0.0
0.0
0.0
0.0
0.0
0.0
0.0
0.0
0.0
0.0
0.0
0.0
0.0
0.0
0.0
0.0
0.0
0.0
0.0
0.0
0.0
0.0
0.0
0.0
0.0
0.0
0.0
0.0
0.0
0.0
0.0
0.0
0.0
0.0
0.0
0.0
0.0
0.0
0.0
0.0
0.0
0.0
0.0
0.0
0.0
0.0
0.0
0.0
0.0
0.0
0.0
0.0
0.0
0.0
0.0
0.0
0.0
0.0
0.0
0.0
0.0
0.0
0.0
0.0
0.0
0.0
0.0
0.0
0.0
0.0
0.0
0.0
0.0
0.0
0.0
0.0
0.0
0.0
0.0
0.0
0.0
0.0
0.0
0.0
0.0
0.0
0.0
0.0
0.0
0.0
0.0
0.0
0.0
0.0
0.0
0.0
0.0
0.0
0.0
0.0
0.0
0.0
0.0
0.0
0.0
0.0
0.0
0.0
0.0
0.0
0.0
0.0
0.0
0.0
0.0
0.0
0.0
0.0
0.0
0.0
0.0
0.0
0.0
0.0
0.0
0.0
0.0
0.0
0.0
0.0
0.0
0.0
0.0
0.0
0.0
0.0
0.0
0.0
0.0
0.0
0.0
0.0
0.0
0.0
0.0
0.0
0.0
0.0
0.0
0.0
0.0
0.0
0.0
0.0
0.0
0.0
0.0
0.0
0.0
0.0
0.0
0.0
0.0
0.0
0.0
0.0
0.0
0.0
0.0
0.0
0.0
0.0
0.0
0.0
0.0
0.0
0.0
0.0
0.0
0.0
0.0
0.0
0.0
0.0
0.0
0.0
0.0
0.0
0.0
0.0
0.0
0.0
0.0
0.0
0.0
0.0
0.0
0.0
0.0
0.0
0.0
0.0
0.0
0.0
0.0
0.0
0.0
0.0
0.0
0.0
0.0
0.0
0.0
0.0
0.0
0.0
0.0
0.0
0.0
0.0
0.0
0.0
0.0
0.0
0.0
0.0
0.0
0.0
0.0
0.0
0.0
0.0
0.0
0.0
0.0
0.0
0.0
0.0
0.0
0.0
0.0
0.0
0.0
0.0
0.0
0.0
0.0
0.0
0.0
0.0
0.0
0.0
0.0
0.0
0.0
0.0
0.0
0.0
0.0
0.0
0.0
0.0
0.0
0.0
0.0
0.0
0.0
0.0
0.0
0.0
0.0
0.0
0.0
0.0
0.0
0.0
0.0
0.0
0.0
0.0
0.0
0.0
0.0
0.0
0.0
0.0
0.0
0.0
0.0
0.0
0.0
0.0
0.0
0.0
0.0
0.0
0.0
0.0
0.0
0.0
0.0
0.0
0.0
0.0
0.0
0.0
0.0
0.0
0.0
0.0
0.0
0.0
0.0
0.0
0.0
0.0
0.0
0.0
0.0
0.0
0.0
0.0
0.0
0.0
0.0
0.0
0.0
0.0
0.0
0.0
0.0
0.0
0.0
0.0
0.0
0.0
0.0
0.0
0.0
0.0
0.0
